time,V(N001),V(N002),I(V1),I(R1),I(C1),I(L1)
0,1,-0,-0.0001,-0.0001,-0.0001,0
1e-06,1,-0,-0.0001,-0.0001,-0.0001,0
2e-06,1,0.1,-9e-05,-9e-05,-9e-05,0
3e-06,1,0.19,-8.1e-05,-8.1e-05,1.9e-05,-0.0001
4e-06,1,0.171,-8.29e-05,-8.29e-05,0.0002071,-0.00029
5e-06,1,-0.0361,-0.00010361,-0.00010361,0.00035739,-0.000461
6e-06,1,-0.39349,-0.000139349,-0.000139349,0.000285551,-0.0004249
7e-06,1,-0.679041,-0.000167904,-0.000167904,-0.000136494,-3.141e-05
8e-06,1,-0.542547,-0.000154255,-0.000154255,-0.000801886,0.000647631
9e-06,1,0.259339,-7.40661e-05,-7.40661e-05,-0.00126424,0.00119018
1e-05,1,1.52358,5.23583e-05,5.23583e-05,-0.000878481,0.000930839
1.1e-05,1,2.40206,0.000140206,0.000140206,0.00073295,-0.000592744
1.2e-05,1,1.66911,6.69114e-05,6.69114e-05,0.00306172,-0.00299481
1.3e-05,1,-1.39261,-0.000239261,-0.000239261,0.00442466,-0.00466392
1.4e-05,1,-5.81727,-0.000681727,-0.000681727,0.00258959,-0.00327132
1.5e-05,1,-8.40685,-0.000940685,-0.000940685,-0.00348664,0.00254595
1.6e-05,1,-4.92022,-0.000592022,-0.000592022,-0.0115448,0.0109528
1.7e-05,1,6.62461,0.000562461,0.000562461,-0.0153106,0.015873
1.8e-05,1,21.9352,0.00209352,0.00209352,-0.0071549,0.00924842
1.9e-05,1,29.0901,0.00280901,0.00280901,0.0154958,-0.0126868
2e-05,1,13.5943,0.00125943,0.00125943,0.0430363,-0.0417768
2.1e-05,1,-29.4419,-0.00304419,-0.00304419,0.0523269,-0.0553711
2.2e-05,1,-81.7689,-0.00827689,-0.00827689,0.0176523,-0.0259292
2.3e-05,1,-99.4212,-0.0100421,-0.0100421,-0.0658818,0.0558397
2.4e-05,1,-33.5394,-0.00345394,-0.00345394,-0.158715,0.155261
2.5e-05,1,125.175,0.0124175,0.0124175,-0.176383,0.1888
2.6e-05,1,301.558,0.0300558,0.0300558,-0.033569,0.0636248
2.7e-05,1,335.127,0.0334127,0.0334127,0.271346,-0.237933
2.8e-05,1,63.7811,0.00627811,0.00627811,0.579339,-0.57306
2.9e-05,1,-515.558,-0.0516558,-0.0516558,0.585186,-0.636842
3e-05,1,-1100.74,-0.110174,-0.110174,0.0111097,-0.121284
3.1e-05,1,-1111.85,-0.111285,-0.111285,-1.09074,0.979459
3.2e-05,1,-21.1085,-0.00221085,-0.00221085,-2.09352,2.09131
3.3e-05,1,2072.41,0.207141,0.207141,-1.90528,2.11242
3.4e-05,1,3977.69,0.397669,0.397669,0.357663,0.0400061
3.5e-05,1,3620.03,0.361903,0.361903,4.29959,-3.93769
3.6e-05,1,-679.56,-0.068056,-0.068056,7.48966,-7.55772
3.7e-05,1,-8169.22,-0.817022,-0.817022,6.06114,-6.87816
3.8e-05,1,-14230.4,-1.42314,-1.42314,-2.7142,1.29106
3.9e-05,1,-11516.2,-1.15172,-1.15172,-16.6731,15.5214
4e-05,1,5156.98,0.515598,0.515598,-26.522,27.0376
4.1e-05,1,31679,3.1678,3.1678,-18.7128,21.8806
4.2e-05,1,50391.8,5.03908,5.03908,14.8374,-9.79836
4.3e-05,1,35554.3,3.55533,3.55533,63.7455,-60.1901
4.4e-05,1,-28191.1,-2.81921,-2.81921,92.9252,-95.7445
4.5e-05,1,-121116,-12.1117,-12.1117,55.4416,-67.5533
4.6e-05,1,-176558,-17.6559,-17.6559,-71.219,53.5631
4.7e-05,1,-105339,-10.534,-10.534,-240.655,230.121
4.8e-05,1,135316,13.5315,13.5315,-321.929,335.46
4.9e-05,1,457245,45.7244,45.7244,-154.42,200.144
5e-05,1,611664,61.1663,61.1663,318.267,-257.101
5.1e-05,1,293397,29.3396,29.3396,898.104,-868.765
5.2e-05,1,-604707,-60.4708,-60.4708,1101.69,-1162.16
5.3e-05,1,-1.7064e+06,-170.64,-170.64,386.815,-557.455
5.4e-05,1,-2.09321e+06,-209.321,-209.321,-1358.26,1148.94
5.5e-05,1,-734949,-73.495,-73.495,-3315.65,3242.16
5.6e-05,1,2.5807e+06,258.07,258.07,-3719.04,3977.11
5.7e-05,1,6.29974e+06,629.974,629.974,-766.429,1396.4
5.8e-05,1,7.06617e+06,706.617,706.617,5609.95,-4903.34
5.9e-05,1,1.45622e+06,145.621,145.621,12115.1,-11969.5
6e-05,1,-1.06589e+07,-1065.89,-1065.89,12359.8,-13425.7
6.1e-05,1,-2.30187e+07,-2301.87,-2301.87,464.935,-2766.81
6.2e-05,1,-2.34837e+07,-2348.37,-2348.37,-22600.3,20251.9
6.3e-05,1,-883376,-88.3377,-88.3377,-43823.9,43735.6
6.4e-05,1,4.29406e+07,4294.06,4294.06,-40324.9,44619
6.5e-05,1,8.32655e+07,8326.55,8326.55,6648.13,1678.42
6.6e-05,1,7.66173e+07,7661.73,7661.73,89248.8,-81587.1
6.7e-05,1,-1.26315e+07,-1263.15,-1263.15,156941,-158204
6.8e-05,1,-1.69573e+08,-16957.3,-16957.3,128616,-145573
6.9e-05,1,-2.98188e+08,-29818.8,-29818.8,-53818.6,23999.8
7e-05,1,-2.4437e+08,-24437,-24437,-346625,322188
7.1e-05,1,1.02255e+08,10225.5,10225.5,-556332,566558
7.2e-05,1,6.58588e+08,65858.8,65858.8,-398444,464303
7.3e-05,1,1.05703e+09,105703,105703,299988,-194285
7.4e-05,1,7.57043e+08,75704.3,75704.3,1.32702e+06,-1.25132e+06
7.5e-05,1,-5.69978e+08,-56997.8,-56997.8,1.95136e+06,-2.00836e+06
7.6e-05,1,-2.52134e+09,-252134,-252134,1.18625e+06,-1.43838e+06
7.7e-05,1,-3.70759e+09,-370759,-370759,-1.45372e+06,1.08296e+06
7.8e-05,1,-2.25387e+09,-225387,-225387,-5.01593e+06,4.79055e+06
7.9e-05,1,2.76206e+09,276206,276206,-6.76821e+06,7.04442e+06
8e-05,1,9.53027e+09,953027,953027,-3.32933e+06,4.28236e+06
8.1e-05,1,1.28596e+10,1.28596e+06,1.28596e+06,6.53388e+06,-5.24792e+06
8.2e-05,1,6.32573e+09,632573,632573,1.87401e+07,-1.81075e+07
8.3e-05,1,-1.24144e+10,-1.24144e+06,-1.24144e+06,2.31918e+07,-2.44332e+07
8.4e-05,1,-3.56062e+10,-3.56062e+06,-3.56062e+06,8.45826e+06,-1.20189e+07
8.5e-05,1,-4.40644e+10,-4.40644e+06,-4.40644e+06,-2.79937e+07,2.35873e+07
8.6e-05,1,-1.60707e+10,-1.60707e+06,-1.60707e+06,-6.92588e+07,6.76517e+07
8.7e-05,1,5.31881e+10,5.31881e+06,5.31881e+06,-7.84036e+07,8.37224e+07
8.8e-05,1,1.31592e+11,1.31592e+07,1.31592e+07,-1.73751e+07,3.05343e+07
8.9e-05,1,1.48967e+11,1.48967e+07,1.48967e+07,1.15954e+08,-1.01057e+08
9e-05,1,3.30128e+10,3.30128e+06,3.30128e+06,2.53326e+08,-2.50024e+08
9.1e-05,1,-2.20313e+11,-2.20313e+07,-2.20313e+07,2.61006e+08,-2.83037e+08
9.2e-05,1,-4.81319e+11,-4.81319e+07,-4.81319e+07,1.45924e+07,-6.27243e+07
9.3e-05,1,-4.95911e+11,-4.95911e+07,-4.95911e+07,-4.68185e+08,4.18594e+08
9.4e-05,1,-2.77256e+10,-2.77256e+06,-2.77256e+06,-9.17278e+08,9.14505e+08
9.5e-05,1,8.89552e+11,8.89552e+07,8.89552e+07,-8.53276e+08,9.42231e+08
9.6e-05,1,1.74283e+12,1.74283e+08,1.74283e+08,1.21604e+08,5.26787e+07
9.7e-05,1,1.62122e+12,1.62122e+08,1.62122e+08,1.85227e+09,-1.69015e+09
9.8e-05,1,-2.31048e+11,-2.31048e+07,-2.31048e+07,3.28827e+09,-3.31137e+09
9.9e-05,1,-3.51932e+12,-3.51932e+08,-3.51932e+08,2.72839e+09,-3.08033e+09
0.0001,1,-6.24771e+12,-6.24771e+08,-6.24771e+08,-1.06376e+09,4.38991e+08
0.000101,1,-5.18395e+12,-5.18395e+08,-5.18395e+08,-7.2051e+09,6.6867e+09
0.000102,1,2.02115e+12,2.02115e+08,2.02115e+08,-1.16685e+10,1.18706e+10
0.000103,1,1.36897e+13,1.36897e+09,1.36897e+09,-8.48053e+09,9.8495e+09
0.000104,1,2.21702e+13,2.21702e+09,2.21702e+09,6.0572e+09,-3.84018e+09
0.000105,1,1.6113e+13,1.6113e+09,1.6113e+09,2.76217e+10,-2.60104e+10
0.000106,1,-1.15087e+13,-1.15087e+09,-1.15087e+09,4.09725e+10,-4.21234e+10
0.000107,1,-5.24812e+13,-5.24812e+09,-5.24812e+09,2.53666e+10,-3.06147e+10
0.000108,1,-7.78478e+13,-7.78478e+09,-7.78478e+09,-2.96513e+10,2.18665e+10
0.000109,1,-4.81965e+13,-4.81965e+09,-4.81965e+09,-1.04534e+11,9.97143e+10
0.00011,1,5.63374e+13,5.63374e+09,5.63374e+09,-1.42277e+11,1.47911e+11
0.000111,1,1.98615e+14,1.98615e+10,1.98615e+10,-7.1712e+10,9.15734e+10
0.000112,1,2.70327e+14,2.70327e+10,2.70327e+10,1.34074e+11,-1.07041e+11
0.000113,1,1.36253e+14,1.36253e+10,1.36253e+10,3.90993e+11,-3.77368e+11
0.000114,1,-2.5474e+14,-2.5474e+10,-2.5474e+10,4.88146e+11,-5.1362e+11
0.000115,1,-7.42887e+14,-7.42887e+10,-7.42887e+10,1.84592e+11,-2.5888e+11
0.000116,1,-9.27478e+14,-9.27478e+10,-9.27478e+10,-5.76754e+11,4.84006e+11
0.000117,1,-3.50724e+14,-3.50724e+10,-3.50724e+10,-1.44656e+12,1.41148e+12
0.000118,1,1.09583e+15,1.09583e+11,1.09583e+11,-1.65263e+12,1.76221e+12
0.000119,1,2.74846e+15,2.74846e+11,2.74846e+11,-3.9153e+11,6.66376e+11
0.00012,1,3.13999e+15,3.13999e+11,3.13999e+11,2.39608e+12,-2.08208e+12
0.000121,1,7.43907e+14,7.43907e+10,7.43907e+10,5.29646e+12,-5.22207e+12
0.000122,1,-4.55255e+15,-4.55255e+11,-4.55255e+11,5.51072e+12,-5.96598e+12
0.000123,1,-1.00633e+16,-1.00633e+12,-1.00633e+12,4.07095e+11,-1.41342e+12
0.000124,1,-1.04704e+16,-1.04704e+12,-1.04704e+12,-9.69689e+12,8.64985e+12
0.000125,1,-7.7348e+14,-7.7348e+10,-7.7348e+10,-1.91976e+13,1.91202e+13
0.000126,1,1.84241e+16,1.84241e+12,1.84241e+12,-1.80513e+13,1.98937e+13
0.000127,1,3.64754e+16,3.64754e+12,3.64754e+12,2.17793e+12,1.46961e+12
0.000128,1,3.42975e+16,3.42975e+12,3.42975e+12,3.84355e+13,-3.50058e+13
0.000129,1,-4.13806e+15,-4.13806e+11,-4.13806e+11,6.88894e+13,-6.93032e+13
0.00013,1,-7.30275e+16,-7.30275e+12,-7.30275e+12,5.78624e+13,-6.51652e+13
0.000131,1,-1.3089e+17,-1.3089e+13,-1.3089e+13,-2.09513e+13,7.86231e+12
0.000132,1,-1.09939e+17,-1.09939e+13,-1.09939e+13,-1.49746e+14,1.38752e+14
0.000133,1,3.98075e+16,3.98075e+12,3.98075e+12,-2.4471e+14,2.48691e+14
0.000134,1,2.84518e+17,2.84518e+13,2.84518e+13,-1.80432e+14,2.08883e+14
0.000135,1,4.64949e+17,4.64949e+13,4.64949e+13,1.22129e+14,-7.56342e+13
0.000136,1,3.4282e+17,3.4282e+13,3.4282e+13,5.74865e+14,-5.40583e+14
0.000137,1,-2.32045e+17,-2.32045e+13,-2.32045e+13,8.60199e+14,-8.83403e+14
0.000138,1,-1.09224e+18,-1.09224e+14,-1.09224e+14,5.42134e+14,-6.51358e+14
0.000139,1,-1.63438e+18,-1.63438e+14,-1.63438e+14,-6.04324e+14,4.40886e+14
0.00014,1,-1.03005e+18,-1.03005e+14,-1.03005e+14,-2.17827e+15,2.07526e+15
0.000141,1,1.14822e+18,1.14822e+14,1.14822e+14,-2.9905e+15,3.10532e+15
0.000142,1,4.13871e+18,4.13871e+14,4.13871e+14,-1.54323e+15,1.9571e+15
0.000143,1,5.68194e+18,5.68194e+14,5.68194e+14,2.7498e+15,-2.18161e+15
0.000144,1,2.93214e+18,2.93214e+14,2.93214e+14,8.15677e+15,-7.86355e+15
0.000145,1,-5.22463e+18,-5.22463e+14,-5.22463e+14,1.02732e+16,-1.07957e+16
0.000146,1,-1.54979e+19,-1.54979e+15,-1.54979e+15,4.02128e+15,-5.57106e+15
0.000147,1,-1.95191e+19,-1.95191e+15,-1.95191e+15,-1.18787e+16,9.92679e+15
0.000148,1,-7.64043e+18,-7.64043e+14,-7.64043e+14,-3.021e+16,2.94459e+16
0.000149,1,2.25695e+19,2.25695e+15,2.25695e+15,-3.48294e+16,3.70864e+16
0.00015,1,5.73989e+19,5.73989e+15,5.73989e+15,-8.77692e+15,1.45168e+16
0.000151,1,6.61759e+19,6.61759e+15,6.61759e+15,4.94997e+16,-4.28821e+16
0.000152,1,1.66762e+19,1.66762e+15,1.66762e+15,1.10726e+17,-1.09058e+17
0.000153,1,-9.40494e+19,-9.40494e+15,-9.40494e+15,1.16329e+17,-1.25734e+17
0.000154,1,-2.10379e+20,-2.10379e+16,-2.10379e+16,1.06468e+16,-3.16847e+16
0.000155,1,-2.21025e+20,-2.21025e+16,-2.21025e+16,-2.00797e+17,1.78694e+17
0.000156,1,-2.0229e+19,-2.0229e+15,-2.0229e+15,-4.01742e+17,3.99719e+17
0.000157,1,3.81513e+20,3.81513e+16,3.81513e+16,-3.81797e+17,4.19948e+17
0.000158,1,7.6331e+20,7.6331e+16,7.6331e+16,3.7896e+16,3.84351e+16
0.000159,1,7.25414e+20,7.25414e+16,7.25414e+16,7.97417e+17,-7.24875e+17
0.00016,1,-7.20024e+19,-7.20024e+15,-7.20024e+15,1.44309e+18,-1.45029e+18
0.000161,1,-1.51509e+21,-1.51509e+17,-1.51509e+17,1.22678e+18,-1.37829e+18
0.000162,1,-2.74187e+21,-2.74187e+17,-2.74187e+17,-4.10992e+17,1.36805e+17
0.000163,1,-2.33088e+21,-2.33088e+17,-2.33088e+17,-3.11176e+18,2.87867e+18
0.000164,1,7.80884e+20,7.80884e+16,7.80884e+16,-5.13146e+18,5.20955e+18
0.000165,1,5.91235e+21,5.91235e+17,5.91235e+17,-3.83743e+18,4.42867e+18
0.000166,1,9.74978e+21,9.74978e+17,9.74978e+17,2.45866e+18,-1.48368e+18
0.000167,1,7.29113e+21,7.29113e+17,7.29113e+17,1.19626e+19,-1.12335e+19
0.000168,1,-4.67145e+21,-4.67145e+17,-4.67145e+17,1.80574e+19,-1.85246e+19
0.000169,1,-2.27289e+22,-2.27289e+18,-2.27289e+18,1.15802e+19,-1.38531e+19
0.00017,1,-3.43091e+22,-3.43091e+18,-3.43091e+18,-1.23067e+19,8.87575e+18
0.000171,1,-2.20025e+22,-2.20025e+18,-2.20025e+18,-4.53851e+19,4.31849e+19
0.000172,1,2.33827e+22,2.33827e+18,2.33827e+18,-6.28491e+19,6.51874e+19
0.000173,1,8.62318e+22,8.62318e+18,8.62318e+18,-3.31815e+19,4.18047e+19
0.000174,1,1.19413e+23,1.19413e+19,1.19413e+19,5.63684e+19,-4.44271e+19
0.000175,1,6.30449e+22,6.30449e+18,6.30449e+18,1.70145e+20,-1.6384e+20
0.000176,1,-1.071e+23,-1.071e+19,-1.071e+19,2.16175e+20,-2.26885e+20
0.000177,1,-3.23275e+23,-3.23275e+19,-3.23275e+19,8.74578e+19,-1.19785e+20
0.000178,1,-4.10733e+23,-4.10733e+19,-4.10733e+19,-2.44563e+20,2.0349e+20
0.000179,1,-1.6617e+23,-1.6617e+19,-1.6617e+19,-6.3084e+20,6.14223e+20
0.00018,1,4.6467e+23,4.6467e+19,4.6467e+19,-7.33926e+20,7.80393e+20
0.000181,1,1.1986e+24,1.1986e+20,1.1986e+20,-1.95863e+20,3.15723e+20
0.000182,1,1.39446e+24,1.39446e+20,1.39446e+20,1.02232e+21,-8.82873e+20
0.000183,1,3.7214e+23,3.7214e+19,3.7214e+19,2.31455e+21,-2.27733e+21
0.000184,1,-1.94241e+24,-1.94241e+20,-1.94241e+20,2.45523e+21,-2.64947e+21
0.000185,1,-4.39764e+24,-4.39764e+20,-4.39764e+20,2.67302e+20,-7.07065e+20
0.000186,1,-4.66494e+24,-4.66494e+20,-4.66494e+20,-4.15707e+21,3.69057e+21
0.000187,1,-5.07873e+23,-5.07873e+19,-5.07873e+19,-8.4063e+21,8.35551e+21
0.000188,1,7.89843e+24,7.89843e+20,7.89843e+20,-8.07354e+21,8.86338e+21
0.000189,1,1.5972e+25,1.5972e+21,1.5972e+21,6.32238e+20,9.64959e+20
0.00019,1,1.53397e+25,1.53397e+21,1.53397e+21,1.6541e+22,-1.5007e+22
0.000191,1,-1.20125e+24,-1.20125e+20,-1.20125e+20,3.02266e+22,-3.03467e+22
0.000192,1,-3.14279e+25,-3.14279e+21,-3.14279e+21,2.60027e+22,-2.91455e+22
0.000193,1,-5.74306e+25,-5.74306e+21,-5.74306e+21,-8.02544e+21,2.28238e+21
0.000194,1,-4.94051e+25,-4.94051e+21,-4.94051e+21,-6.46535e+22,5.97129e+22
0.000195,1,1.52483e+25,1.52483e+21,1.52483e+21,-1.07593e+23,1.09118e+23
0.000196,1,1.22842e+26,1.22842e+22,1.22842e+22,-8.15856e+22,9.38697e+22
0.000197,1,2.04427e+26,2.04427e+22,2.04427e+22,4.94145e+22,-2.89718e+22
0.000198,1,1.55013e+26,1.55013e+22,1.55013e+22,2.489e+23,-2.33399e+23
0.000199,1,-9.38876e+25,-9.38876e+21,-9.38876e+21,3.79023e+23,-3.88412e+23
0.0002,1,-4.7291e+26,-4.7291e+22,-4.7291e+22,2.47233e+23,-2.94524e+23
0.000201,1,-7.20143e+26,-7.20143e+22,-7.20143e+22,-2.50401e+23,1.78386e+23
0.000202,1,-4.69743e+26,-4.69743e+22,-4.69743e+22,-9.45504e+23,8.9853e+23
0.000203,1,4.75762e+26,4.75762e+22,4.75762e+22,-1.3207e+24,1.36827e+24
0.000204,1,1.79646e+27,1.79646e+23,1.79646e+23,-7.12865e+23,8.92511e+23
0.000205,1,2.50932e+27,2.50932e+23,2.50932e+23,1.15488e+24,-9.03947e+23
0.000206,1,1.35444e+27,1.35444e+23,1.35444e+23,3.54871e+24,-3.41327e+24
0.000207,1,-2.19427e+27,-2.19427e+23,-2.19427e+23,4.54829e+24,-4.76771e+24
0.000208,1,-6.74256e+27,-6.74256e+23,-6.74256e+23,1.89919e+24,-2.57344e+24
0.000209,1,-8.64174e+27,-8.64174e+23,-8.64174e+23,-5.03329e+24,4.16911e+24
0.00021,1,-3.60846e+27,-3.60846e+23,-3.60846e+23,-1.31717e+25,1.28109e+25
0.000211,1,9.56325e+27,9.56325e+23,9.56325e+23,-1.5463e+25,1.64193e+25
0.000212,1,2.50262e+28,2.50262e+24,2.50262e+24,-4.35344e+24,6.85607e+24
0.000213,1,2.93797e+28,2.93797e+24,2.93797e+24,2.11081e+25,-1.81702e+25
0.000214,1,8.27154e+27,8.27154e+23,8.27154e+23,4.8377e+25,-4.75499e+25
0.000215,1,-4.01055e+28,-4.01055e+24,-4.01055e+24,5.18108e+25,-5.58214e+25
0.000216,1,-9.19163e+28,-9.19163e+24,-9.19163e+24,6.5243e+24,-1.57159e+25
0.000217,1,-9.84406e+28,-9.84406e+24,-9.84406e+24,-8.60444e+25,7.62004e+25
0.000218,1,-1.23962e+28,-1.23962e+24,-1.23962e+24,-1.75881e+26,1.74641e+26
0.000219,1,1.63484e+29,1.63484e+25,1.63484e+25,-1.70689e+26,1.87037e+26
0.00022,1,3.34173e+29,3.34173e+25,3.34173e+25,9.86461e+24,2.35527e+25
0.000221,1,3.24309e+29,3.24309e+25,3.24309e+25,3.43051e+26,-3.1062e+26
0.000222,1,-1.87428e+28,-1.87428e+24,-1.87428e+24,6.33055e+26,-6.34929e+26
0.000223,1,-6.51797e+29,-6.51797e+25,-6.51797e+25,5.51006e+26,-6.16186e+26
0.000224,1,-1.2028e+30,-1.2028e+26,-1.2028e+26,-1.55892e+26,3.56112e+25
0.000225,1,-1.04691e+30,-1.04691e+26,-1.04691e+26,-1.34311e+27,1.23842e+27
0.000226,1,2.96194e+29,2.96194e+25,2.96194e+25,-2.25571e+27,2.28533e+27
0.000227,1,2.5519e+30,2.5519e+26,2.5519e+26,-1.73394e+27,1.98913e+27
0.000228,1,4.28585e+30,4.28585e+26,4.28585e+26,9.91353e+26,-5.62769e+26
0.000229,1,3.29449e+30,3.29449e+26,3.29449e+26,5.17806e+27,-4.84861e+27
0.00023,1,-1.88357e+30,-1.88357e+26,-1.88357e+26,7.95475e+27,-8.14311e+27
0.000231,1,-9.83832e+30,-9.83832e+26,-9.83832e+26,5.2757e+27,-6.25954e+27
0.000232,1,-1.5114e+31,-1.5114e+27,-1.5114e+27,-5.09019e+27,3.57879e+27
0.000233,1,-1.00238e+31,-1.00238e+27,-1.00238e+27,-1.96952e+28,1.86928e+28
0.000234,1,9.67136e+30,9.67136e+26,9.67136e+26,-2.77495e+28,2.87166e+28
0.000235,1,3.74209e+31,3.74209e+27,3.74209e+27,-1.53032e+28,1.90453e+28
0.000236,1,5.27241e+31,5.27241e+27,5.27241e+27,2.3648e+28,-1.83756e+28
0.000237,1,2.90761e+31,2.90761e+27,2.90761e+27,7.40073e+28,-7.10996e+28
0.000238,1,-4.49312e+31,-4.49312e+27,-4.49312e+27,9.56826e+28,-1.00176e+29
0.000239,1,-1.40614e+32,-1.40614e+28,-1.40614e+28,4.11832e+28,-5.52446e+28
0.00024,1,-1.81797e+32,-1.81797e+28,-1.81797e+28,-1.03549e+29,8.53692e+28
0.000241,1,-7.8248e+31,-7.8248e+27,-7.8248e+27,-2.74991e+29,2.67166e+29
0.000242,1,1.96743e+32,1.96743e+28,1.96743e+28,-3.2574e+29,3.45414e+29
0.000243,1,5.22483e+32,5.22483e+28,5.22483e+28,-9.6423e+28,1.48671e+29
0.000244,1,6.18906e+32,6.18906e+28,6.18906e+28,4.35702e+29,-3.73812e+29
0.000245,1,1.83204e+32,1.83204e+28,1.83204e+28,1.01104e+30,-9.92717e+29
0.000246,1,-8.27834e+32,-8.27834e+28,-8.27834e+28,1.09314e+30,-1.17592e+30
0.000247,1,-1.92097e+33,-1.92097e+29,-1.92097e+29,1.5599e+29,-3.48087e+29
0.000248,1,-2.07696e+33,-2.07696e+29,-2.07696e+29,-1.78058e+30,1.57288e+30
0.000249,1,-2.96381e+32,-2.96381e+28,-2.96381e+28,-3.67948e+30,3.64985e+30
0.00025,1,3.3831e+33,3.3831e+29,3.3831e+29,-3.60792e+30,3.94623e+30
0.000251,1,6.99102e+33,6.99102e+29,6.99102e+29,1.35979e+29,5.63123e+29
0.000252,1,6.85504e+33,6.85504e+29,6.85504e+29,7.1134e+30,-6.4279e+30
0.000253,1,-2.5836e+32,-2.5836e+28,-2.5836e+28,1.32571e+31,-1.32829e+31
0.000254,1,-1.35155e+34,-1.35155e+30,-1.35155e+30,1.1673e+31,-1.30246e+31
0.000255,1,-2.51885e+34,-2.51885e+30,-2.51885e+30,-3.00973e+30,4.90884e+29
0.000256,1,-2.21788e+34,-2.21788e+30,-2.21788e+30,-2.78973e+31,2.56794e+31
0.000257,1,5.71849e+33,5.71849e+29,5.71849e+29,-4.72863e+31,4.78581e+31
0.000258,1,5.30048e+34,5.30048e+30,5.30048e+30,-3.68392e+31,4.21396e+31
0.000259,1,8.9844e+34,8.9844e+30,8.9844e+30,1.98495e+31,-1.08651e+31
0.00026,1,6.99944e+34,6.99944e+30,6.99944e+30,1.07709e+32,-1.00709e+32
0.000261,1,-3.77141e+34,-3.77141e+30,-3.77141e+30,1.66932e+32,-1.70704e+32
0.000262,1,-2.04646e+35,-2.04646e+31,-2.04646e+31,1.12525e+32,-1.32989e+32
0.000263,1,-3.17171e+35,-3.17171e+31,-3.17171e+31,-1.03374e+32,7.16568e+31
0.000264,1,-2.13797e+35,-2.13797e+31,-2.13797e+31,-4.10208e+32,3.88828e+32
0.000265,1,1.9641e+35,1.9641e+31,1.9641e+31,-5.82984e+32,6.02625e+32
0.000266,1,7.79394e+35,7.79394e+31,7.79394e+31,-3.28275e+32,4.06214e+32
0.000267,1,1.10767e+36,1.10767e+32,1.10767e+32,4.83947e+32,-3.7318e+32
0.000268,1,6.23723e+35,6.23723e+31,6.23723e+31,1.54322e+33,-1.48085e+33
0.000269,1,-9.19499e+35,-9.19499e+31,-9.19499e+31,2.01262e+33,-2.10457e+33
0.00027,1,-2.93212e+36,-2.93212e+32,-2.93212e+32,8.91861e+32,-1.18507e+33
0.000271,1,-3.82398e+36,-3.82398e+32,-3.82398e+32,-2.12945e+33,1.74705e+33
0.000272,1,-1.69454e+36,-1.69454e+32,-1.69454e+32,-5.74048e+33,5.57103e+33
0.000273,1,4.04595e+36,4.04595e+32,4.04595e+32,-6.86097e+33,7.26557e+33
0.000274,1,1.09069e+37,1.09069e+33,1.09069e+33,-2.12893e+33,3.21962e+33
0.000275,1,1.30358e+37,1.30358e+33,1.30358e+33,8.99088e+33,-7.6873e+33
0.000276,1,4.04496e+36,4.04496e+32,4.04496e+32,2.11276e+34,-2.07231e+34
0.000277,1,-1.70827e+37,-1.70827e+33,-1.70827e+33,2.30598e+34,-2.47681e+34
0.000278,1,-4.01425e+37,-4.01425e+33,-4.01425e+33,3.67117e+33,-7.68542e+33
0.000279,1,-4.38137e+37,-4.38137e+33,-4.38137e+33,-3.68385e+34,3.24571e+34
0.00028,1,-6.97522e+36,-6.97522e+32,-6.97522e+32,-7.69683e+34,7.62708e+34
0.000281,1,6.99931e+37,6.99931e+33,6.99931e+33,-7.62467e+34,8.3246e+34
0.000282,1,1.4624e+38,1.4624e+34,1.4624e+34,1.37105e+33,1.32529e+34
0.000283,1,1.44869e+38,1.44869e+34,1.44869e+34,1.47474e+35,-1.32987e+35
0.000284,1,-2.605e+36,-2.605e+32,-2.605e+32,2.77595e+35,-2.77856e+35
0.000285,1,-2.802e+38,-2.802e+34,-2.802e+34,2.47231e+35,-2.75251e+35
0.000286,1,-5.27431e+38,-5.27431e+34,-5.27431e+34,-5.76926e+34,4.9495e+33
0.000287,1,-4.69738e+38,-4.69738e+34,-4.69738e+34,-5.79354e+35,5.3238e+35
0.000288,1,1.09616e+38,1.09616e+34,1.09616e+34,-9.91157e+35,1.00212e+36
0.000289,1,1.10077e+39,1.10077e+35,1.10077e+35,-7.82425e+35,8.92502e+35
0.00029,1,1.8832e+39,1.8832e+35,1.8832e+35,3.9659e+35,-2.0827e+35
0.000291,1,1.48661e+39,1.48661e+35,1.48661e+35,2.24013e+36,-2.09147e+36
0.000292,1,-7.53521e+38,-7.53521e+34,-7.53521e+34,3.50272e+36,-3.57808e+36
0.000293,1,-4.25624e+39,-4.25624e+35,-4.25624e+35,2.39893e+36,-2.82455e+36
0.000294,1,-6.65517e+39,-6.65517e+35,-6.65517e+35,-2.09721e+36,1.43169e+36
0.000295,1,-4.55797e+39,-4.55797e+35,-4.55797e+35,-8.54266e+36,8.08686e+36
0.000296,1,3.98469e+39,3.98469e+35,3.98469e+35,-1.22464e+37,1.26448e+37
0.000297,1,1.62311e+40,1.62311e+36,1.62311e+36,-7.03703e+36,8.66014e+36
0.000298,1,2.32681e+40,2.32681e+36,2.32681e+36,9.89773e+36,-7.57092e+36
0.000299,1,1.33704e+40,1.33704e+36,1.33704e+36,3.2176e+37,-3.0839e+37
0.0003,1,-1.88057e+40,-1.88057e+36,-1.88057e+36,4.23288e+37,-4.42094e+37
0.000301,1,-6.11345e+40,-6.11345e+36,-6.11345e+36,1.92902e+37,-2.54037e+37
0.000302,1,-8.04247e+40,-8.04247e+36,-8.04247e+36,-4.37733e+37,3.57308e+37
0.000303,1,-3.66515e+40,-3.66515e+36,-3.66515e+36,-1.19821e+38,1.16156e+38
0.000304,1,8.31692e+40,8.31692e+36,8.31692e+36,-1.4449e+38,1.52807e+38
0.000305,1,2.27659e+41,2.27659e+37,2.27659e+37,-4.68718e+37,6.96378e+37
0.000306,1,2.74531e+41,2.74531e+37,2.74531e+37,1.85475e+38,-1.58021e+38
0.000307,1,8.90565e+40,8.90565e+36,8.90565e+36,4.41458e+38,-4.32553e+38
0.000308,1,-3.52402e+41,-3.52402e+37,-3.52402e+37,4.86369e+38,-5.21609e+38
0.000309,1,-8.38771e+41,-8.38771e+37,-8.38771e+37,8.53303e+37,-1.69207e+38
0.00031,1,-9.24101e+41,-9.24101e+37,-9.24101e+37,-7.61973e+38,6.69563e+38
0.000311,1,-1.62128e+41,-1.62128e+37,-1.62128e+37,-1.60988e+39,1.59366e+39
0.000312,1,1.44775e+42,1.44775e+38,1.44775e+38,-1.61102e+39,1.75579e+39
0.000313,1,3.05877e+42,3.05877e+38,3.05877e+38,-2.16569e+36,3.08042e+38
0.000314,1,3.06093e+42,3.06093e+38,3.06093e+38,3.05682e+39,-2.75072e+39
0.000315,1,4.1148e+39,4.1148e+35,4.1148e+35,5.81207e+39,-5.81166e+39
0.000316,1,-5.80795e+42,-5.80795e+38,-5.80795e+38,5.23498e+39,-5.81577e+39
0.000317,1,-1.10429e+43,-1.10429e+39,-1.10429e+39,-1.09647e+39,-7.81813e+36
0.000318,1,-9.94645e+42,-9.94645e+38,-9.94645e+38,-1.20298e+40,1.10351e+40
0.000319,1,2.0833e+42,2.0833e+38,2.0833e+38,-2.07732e+40,2.09816e+40
0.00032,1,2.28565e+43,2.28565e+39,2.28565e+39,-1.66126e+40,1.88983e+40
0.000321,1,3.94691e+43,3.94691e+39,3.94691e+39,7.90519e+39,-3.95827e+39
0.000322,1,3.1564e+43,3.1564e+39,3.1564e+39,4.65838e+40,-4.34274e+40
0.000323,1,-1.50199e+43,-1.50199e+39,-1.50199e+39,7.34894e+40,-7.49914e+40
0.000324,1,-8.85092e+43,-8.85092e+39,-8.85092e+39,5.11206e+40,-5.99715e+40
0.000325,1,-1.3963e+44,-1.3963e+40,-1.3963e+40,-4.25007e+40,2.85377e+40
0.000326,1,-9.71291e+43,-9.71291e+39,-9.71291e+39,-1.7788e+41,1.68168e+41
0.000327,1,8.07513e+43,8.07513e+39,8.07513e+39,-2.57222e+41,2.65297e+41
0.000328,1,3.37973e+44,3.37973e+40,3.37973e+40,-1.50748e+41,1.84545e+41
0.000329,1,4.88721e+44,4.88721e+40,4.88721e+40,2.023e+41,-1.53428e+41
0.00033,1,2.86421e+44,2.86421e+40,2.86421e+40,6.70791e+41,-6.42148e+41
0.000331,1,-3.84369e+44,-3.84369e+40,-3.84369e+40,8.90133e+41,-9.2857e+41
0.000332,1,-1.2745e+45,-1.2745e+41,-1.2745e+41,4.1675e+41,-5.442e+41
0.000333,1,-1.69125e+45,-1.69125e+41,-1.69125e+41,-8.99427e+41,7.30302e+41
0.000334,1,-7.91825e+44,-7.91825e+40,-7.91825e+40,-2.50074e+42,2.42155e+42
0.000335,1,1.70891e+45,1.70891e+41,1.70891e+41,-3.04249e+42,3.21338e+42
0.000336,1,4.7514e+45,4.7514e+41,4.7514e+41,-1.02933e+42,1.50447e+42
0.000337,1,5.78073e+45,5.78073e+41,5.78073e+41,3.825e+42,-3.24693e+42
0.000338,1,1.95572e+45,1.95572e+41,1.95572e+41,9.22323e+42,-9.02766e+42
0.000339,1,-7.26751e+45,-7.26751e+41,-7.26751e+41,1.02566e+43,-1.09834e+43
0.00034,1,-1.75241e+46,-1.75241e+42,-1.75241e+42,1.96346e+42,-3.71587e+42
0.000341,1,-1.94876e+46,-1.94876e+42,-1.94876e+42,-1.5757e+43,1.38083e+43
0.000342,1,-3.73058e+45,-3.73058e+41,-3.73058e+41,-3.36689e+43,3.32959e+43
0.000343,1,2.99383e+46,2.99383e+42,2.99383e+42,-3.40326e+43,3.70264e+43
0.000344,1,6.3971e+46,6.3971e+42,6.3971e+42,-6.90998e+41,7.08809e+42
0.000345,1,6.4662e+46,6.4662e+42,6.4662e+42,6.33491e+43,-5.68829e+43
0.000346,1,1.3129e+45,1.3129e+41,1.3129e+41,1.21676e+44,-1.21545e+44
0.000347,1,-1.20363e+47,-1.20363e+43,-1.20363e+43,1.10821e+44,-1.22858e+44
0.000348,1,-2.31185e+47,-2.31185e+43,-2.31185e+43,-2.0624e+43,-2.4945e+42
0.000349,1,-2.10561e+47,-2.10561e+43,-2.10561e+43,-2.49746e+44,2.2869e+44
0.00035,1,3.91855e+46,3.91855e+42,3.91855e+42,-4.35332e+44,4.39251e+44
0.000351,1,4.74518e+47,4.74518e+43,4.74518e+43,-3.52613e+44,4.00065e+44
0.000352,1,8.27131e+47,8.27131e+43,8.27131e+43,1.57166e+44,-7.44525e+43
0.000353,1,6.69966e+47,6.69966e+43,6.69966e+43,9.6858e+44,-9.01584e+44
0.000354,1,-2.98615e+47,-2.98615e+43,-2.98615e+43,1.54169e+45,-1.57155e+45
0.000355,1,-1.8403e+48,-1.8403e+44,-1.8403e+44,1.0889e+45,-1.27293e+45
0.000356,1,-2.92921e+48,-2.92921e+44,-2.92921e+44,-8.60288e+44,5.67368e+44
0.000357,1,-2.06892e+48,-2.06892e+44,-2.06892e+44,-3.70347e+45,3.49657e+45
0.000358,1,1.63455e+48,1.63455e+44,1.63455e+44,-5.40204e+45,5.56549e+45
0.000359,1,7.03659e+48,7.03659e+44,7.03659e+44,-3.22729e+45,3.93094e+45
0.00036,1,1.02639e+49,1.02639e+45,1.02639e+45,4.13203e+45,-3.10564e+45
0.000361,1,6.13184e+48,6.13184e+44,6.13184e+44,1.39827e+46,-1.33695e+46
0.000362,1,-7.85085e+48,-7.85085e+44,-7.85085e+44,1.87163e+46,-1.95014e+46
0.000363,1,-2.65671e+49,-2.65671e+45,-2.65671e+45,8.99379e+45,-1.16505e+46
0.000364,1,-3.55609e+49,-3.55609e+45,-3.55609e+45,-1.84727e+46,1.49166e+46
0.000365,1,-1.70882e+49,-1.70882e+45,-1.70882e+45,-5.21864e+46,5.04775e+46
0.000366,1,3.50982e+49,3.50982e+45,3.50982e+45,-6.40559e+46,6.75657e+46
0.000367,1,9.91541e+49,9.91541e+45,9.91541e+45,-2.25522e+46,3.24676e+46
0.000368,1,1.21706e+50,1.21706e+46,1.21706e+46,7.88571e+46,-6.66865e+46
0.000369,1,4.28491e+49,4.28491e+45,4.28491e+45,1.92678e+47,-1.88393e+47
0.00037,1,-1.49829e+50,-1.49829e+46,-1.49829e+46,2.16259e+47,-2.31242e+47
0.000371,1,-3.66088e+50,-3.66088e+46,-3.66088e+46,4.48046e+46,-8.14133e+46
0.000372,1,-4.10892e+50,-4.10892e+46,-4.10892e+46,-3.25763e+47,2.84674e+47
0.000373,1,-8.51287e+49,-8.51287e+45,-8.51287e+45,-7.04079e+47,6.95566e+47
0.000374,1,6.18951e+50,6.18951e+46,6.18951e+46,-7.188e+47,7.80695e+47
0.000375,1,1.33775e+51,1.33775e+47,1.33775e+47,-2.79695e+46,1.61745e+47
0.000376,1,1.36572e+51,1.36572e+47,1.36572e+47,1.31258e+48,-1.17601e+48
0.000377,1,5.31421e+49,5.31421e+45,5.31421e+45,2.54704e+48,-2.54173e+48
0.000378,1,-2.4939e+51,-2.4939e+47,-2.4939e+47,2.34548e+48,-2.59487e+48
0.000379,1,-4.83938e+51,-4.83938e+47,-4.83938e+47,-3.82968e+47,-1.0097e+47
0.00038,1,-4.45641e+51,-4.45641e+47,-4.45641e+47,-5.18405e+48,4.73841e+48
0.000381,1,7.27639e+50,7.27639e+46,7.27639e+46,-9.12205e+48,9.19482e+48
0.000382,1,9.84969e+51,9.84969e+47,9.84969e+47,-7.48221e+48,8.46718e+48
0.000383,1,1.73319e+52,1.73319e+48,1.73319e+48,3.1157e+48,-1.38251e+48
0.000384,1,1.42162e+52,1.42162e+48,1.42162e+48,2.0136e+49,-1.87144e+49
0.000385,1,-5.91984e+51,-5.91984e+47,-5.91984e+47,3.23386e+49,-3.29306e+49
0.000386,1,-3.82585e+52,-3.82585e+48,-3.82585e+48,2.31849e+49,-2.70108e+49
0.000387,1,-6.14434e+52,-6.14434e+48,-6.14434e+48,-1.7392e+49,1.12477e+49
0.000388,1,-4.40514e+52,-4.40514e+48,-4.40514e+48,-7.70962e+49,7.26911e+49
0.000389,1,3.30449e+52,3.30449e+48,3.30449e+48,-1.13438e+50,1.16742e+50
0.00039,1,1.46483e+53,1.46483e+49,1.46483e+49,-6.90493e+49,8.36976e+49
0.000391,1,2.15532e+53,2.15532e+49,2.15532e+49,8.43384e+49,-6.27852e+49
0.000392,1,1.31194e+53,1.31194e+49,1.31194e+49,2.91437e+50,-2.78317e+50
0.000393,1,-1.60243e+53,-1.60243e+49,-1.60243e+49,3.93487e+50,-4.09511e+50
0.000394,1,-5.5373e+53,-5.5373e+49,-5.5373e+49,1.93895e+50,-2.49268e+50
0.000395,1,-7.47625e+53,-7.47625e+49,-7.47625e+49,-3.79224e+50,3.04462e+50
0.000396,1,-3.684e+53,-3.684e+49,-3.684e+49,-1.08893e+51,1.05209e+51
0.000397,1,7.20526e+53,7.20526e+49,7.20526e+49,-1.34843e+51,1.42049e+51
0.000398,1,2.06896e+54,2.06896e+50,2.06896e+50,-4.93065e+50,6.99961e+50
0.000399,1,2.56203e+54,2.56203e+50,2.56203e+50,1.6252e+51,-1.369e+51
0.0004,1,9.36823e+53,9.36823e+49,9.36823e+49,4.02471e+51,-3.93102e+51
0.000401,1,-3.08788e+54,-3.08788e+50,-3.08788e+50,4.55906e+51,-4.86785e+51
0.000402,1,-7.64694e+54,-7.64694e+50,-7.64694e+50,1.01527e+51,-1.77996e+51
0.000403,1,-8.66221e+54,-8.66221e+50,-8.66221e+50,-6.7332e+51,5.86698e+51
0.000404,1,-1.92901e+54,-1.92901e+50,-1.92901e+50,-1.47221e+52,1.45292e+52
0.000405,1,1.27931e+55,1.27931e+51,1.27931e+51,-1.51789e+52,1.64582e+52
0.000406,1,2.7972e+55,2.7972e+51,2.7972e+51,-8.67927e+50,3.66512e+51
0.000407,1,2.88399e+55,2.88399e+51,2.88399e+51,2.71908e+52,-2.43069e+52
0.000408,1,1.64906e+54,1.64906e+50,1.64906e+50,5.33117e+52,-5.31468e+52
0.000409,1,-5.16626e+55,-5.16626e+51,-5.16626e+51,4.96296e+52,-5.47958e+52
0.00041,1,-1.01292e+56,-1.01292e+52,-1.01292e+52,-6.996e+51,-3.13322e+51
0.000411,1,-9.42962e+55,-9.42962e+51,-9.42962e+51,-1.07589e+53,9.81589e+52
0.000412,1,1.32924e+55,1.32924e+51,1.32924e+51,-1.91126e+53,1.92455e+53
0.000413,1,2.04418e+56,2.04418e+52,2.04418e+52,-1.58721e+53,1.79163e+53
0.000414,1,3.63139e+56,3.63139e+52,3.63139e+52,6.15695e+52,-2.52556e+52
0.000415,1,3.0157e+56,3.0157e+52,3.0157e+52,4.18552e+53,-3.88395e+53
0.000416,1,-1.16982e+56,-1.16982e+52,-1.16982e+52,6.78266e+53,-6.89964e+53
0.000417,1,-7.95248e+56,-7.95248e+52,-7.95248e+52,4.93458e+53,-5.72982e+53
0.000418,1,-1.28871e+57,-1.28871e+53,-1.28871e+53,-3.51136e+53,2.22266e+53
0.000419,1,-9.37569e+56,-9.37569e+52,-9.37569e+52,-1.60473e+54,1.51097e+54
0.00042,1,6.67159e+56,6.67159e+52,6.67159e+52,-2.38182e+54,2.44854e+54
0.000421,1,3.04898e+57,3.04898e+53,3.04898e+53,-1.47648e+54,1.78138e+54
0.000422,1,4.52547e+57,4.52547e+53,4.52547e+53,1.72015e+54,-1.2676e+54
0.000423,1,2.80532e+57,2.80532e+53,2.80532e+53,6.0736e+54,-5.79307e+54
0.000424,1,-3.26828e+57,-3.26828e+53,-3.26828e+53,8.27156e+54,-8.59839e+54
0.000425,1,-1.15398e+58,-1.15398e+54,-1.15398e+54,4.17612e+54,-5.3301e+54
0.000426,1,-1.5716e+58,-1.5716e+54,-1.5716e+54,-7.78133e+54,6.20974e+54
0.000427,1,-7.93463e+57,-7.93463e+53,-7.93463e+53,-2.27192e+55,2.19257e+55
0.000428,1,1.47845e+58,1.47845e+54,1.47845e+54,-2.83819e+55,2.98603e+55
0.000429,1,4.31664e+58,4.31664e+54,4.31664e+54,-1.07592e+55,1.50758e+55
0.00043,1,5.39256e+58,5.39256e+54,5.39256e+54,3.34832e+55,-2.80906e+55
0.000431,1,2.04424e+58,2.04424e+54,2.04424e+54,8.40604e+55,-8.20162e+55
0.000432,1,-6.3618e+58,-6.3618e+54,-6.3618e+54,9.60968e+55,-1.02459e+56
0.000433,1,-1.59715e+59,-1.59715e+55,-1.59715e+55,2.28691e+55,-3.88405e+55
0.000434,1,-1.82584e+59,-1.82584e+55,-1.82584e+55,-1.39133e+56,1.20874e+56
0.000435,1,-4.34512e+58,-4.34512e+54,-4.34512e+54,-3.07803e+56,3.03458e+56
0.000436,1,2.64352e+59,2.64352e+55,2.64352e+55,-3.20474e+56,3.46909e+56
0.000437,1,5.84826e+59,5.84826e+55,5.84826e+55,-2.40747e+55,8.25573e+55
0.000438,1,6.08901e+59,6.08901e+55,6.08901e+55,5.63159e+56,-5.02269e+56
0.000439,1,4.5742e+58,4.5742e+54,4.5742e+54,1.11574e+57,-1.11117e+57
0.00044,1,-1.07e+60,-1.07e+56,-1.07e+56,1.04991e+57,-1.15691e+57
0.000441,1,-2.11991e+60,-2.11991e+56,-2.11991e+56,-1.25082e+56,-8.69097e+55
0.000442,1,-1.99483e+60,-1.99483e+56,-1.99483e+56,-2.23249e+57,2.033e+57
0.000443,1,2.37655e+59,2.37655e+55,2.37655e+55,-4.00407e+57,4.02784e+57
0.000444,1,4.24172e+60,4.24172e+56,4.24172e+56,-3.36601e+57,3.79018e+57
0.000445,1,7.60773e+60,7.60773e+56,7.60773e+56,1.21232e+57,-4.51545e+56
0.000446,1,6.39541e+60,6.39541e+56,6.39541e+56,8.69882e+57,-8.05928e+57
0.000447,1,-2.3034e+60,-2.3034e+56,-2.3034e+56,1.42244e+58,-1.44547e+58
0.000448,1,-1.65278e+61,-1.65278e+57,-1.65278e+57,1.04985e+58,-1.21513e+58
0.000449,1,-2.70263e+61,-2.70263e+57,-2.70263e+57,-7.07909e+57,4.37647e+57
0.00045,1,-1.99472e+61,-1.99472e+57,-1.99472e+57,-3.33975e+58,3.14027e+58
0.000451,1,1.34503e+61,1.34503e+57,1.34503e+57,-5.00049e+58,5.13499e+58
0.000452,1,6.34552e+61,6.34552e+57,6.34552e+57,-3.15541e+58,3.78996e+58
0.000453,1,9.50093e+61,9.50093e+57,9.50093e+57,3.50565e+58,-2.55555e+58
0.000454,1,5.99528e+61,5.99528e+57,5.99528e+57,1.2656e+59,-1.20565e+59
0.000455,1,-6.66073e+61,-6.66073e+57,-6.66073e+57,1.73857e+59,-1.80518e+59
0.000456,1,-2.40464e+62,-2.40464e+58,-2.40464e+58,8.98639e+58,-1.1391e+59
0.000457,1,-3.30328e+62,-3.30328e+58,-3.30328e+58,-1.59587e+59,1.26554e+59
0.000458,1,-1.70741e+62,-1.70741e+58,-1.70741e+58,-4.73956e+59,4.56882e+59
0.000459,1,3.03215e+62,3.03215e+58,3.03215e+58,-5.97302e+59,6.27623e+59
0.00046,1,9.00517e+62,9.00517e+58,9.00517e+58,-2.34357e+59,3.24409e+59
0.000461,1,1.13487e+63,1.13487e+59,1.13487e+59,6.89595e+59,-5.76108e+59
0.000462,1,4.45279e+62,4.45279e+58,4.45279e+58,1.75551e+60,-1.71098e+60
0.000463,1,-1.31023e+63,-1.31023e+59,-1.31023e+59,2.02524e+60,-2.15626e+60
0.000464,1,-3.33547e+63,-3.33547e+59,-3.33547e+59,5.12483e+59,-8.46029e+59
0.000465,1,-3.84795e+63,-3.84795e+59,-3.84795e+59,-2.87423e+60,2.48944e+60
0.000466,1,-9.73717e+62,-9.73717e+58,-9.73717e+58,-6.43476e+60,6.33739e+60
0.000467,1,5.46104e+63,5.46104e+59,5.46104e+59,-6.765e+60,7.31111e+60
0.000468,1,1.2226e+64,1.2226e+60,1.2226e+60,-6.27458e+59,1.85006e+60
0.000469,1,1.28535e+64,1.28535e+60,1.28535e+60,1.16613e+61,-1.0376e+61
0.00047,1,1.19217e+63,1.19217e+59,1.19217e+59,2.33487e+61,-2.32295e+61
0.000471,1,-2.21565e+64,-2.21565e+60,-2.21565e+60,2.2206e+61,-2.44217e+61
0.000472,1,-4.43625e+64,-4.43625e+60,-4.43625e+60,-2.17113e+60,-2.26512e+60
0.000473,1,-4.21914e+64,-4.21914e+60,-4.21914e+60,-4.63166e+61,4.20974e+61
0.000474,1,4.12515e+63,4.12515e+59,4.12515e+59,-8.38763e+61,8.42888e+61
0.000475,1,8.80014e+64,8.80014e+60,8.80014e+60,-7.13635e+61,8.01637e+61
0.000476,1,1.59365e+65,1.59365e+61,1.59365e+61,2.37743e+61,-7.83778e+60
0.000477,1,1.35591e+65,1.35591e+61,1.35591e+61,1.80762e+62,-1.67203e+62
0.000478,1,-4.51711e+64,-4.51711e+60,-4.51711e+60,2.98276e+62,-3.02793e+62
0.000479,1,-3.43447e+65,-3.43447e+61,-3.43447e+61,2.23278e+62,-2.57622e+62
0.00048,1,-5.66725e+65,-5.66725e+61,-5.66725e+61,-1.42498e+62,8.58252e+61
0.000481,1,-4.24227e+65,-4.24227e+61,-4.24227e+61,-6.94973e+62,6.5255e+62
0.000482,1,2.70746e+65,2.70746e+61,2.70746e+61,-1.0497e+63,1.07678e+63
0.000483,1,1.32045e+66,1.32045e+62,1.32045e+62,-6.73987e+62,8.06032e+62
0.000484,1,1.99444e+66,1.99444e+62,1.99444e+62,7.1386e+62,-5.14417e+62
0.000485,1,1.28058e+66,1.28058e+62,1.28058e+62,2.63691e+63,-2.50885e+63
0.000486,1,-1.35633e+66,-1.35633e+62,-1.35633e+62,3.65379e+63,-3.78943e+63
0.000487,1,-5.01013e+66,-5.01013e+62,-5.01013e+62,1.93208e+63,-2.43309e+63
0.000488,1,-6.94221e+66,-6.94221e+62,-6.94221e+62,-3.27126e+63,2.57703e+63
0.000489,1,-3.67095e+66,-3.67095e+62,-3.67095e+62,-9.88634e+63,9.51924e+63
0.00049,1,6.21539e+66,6.21539e+62,6.21539e+62,-1.25687e+64,1.31902e+64
0.000491,1,1.8784e+67,1.8784e+63,1.8784e+63,-5.09641e+63,6.97481e+63
0.000492,1,2.38805e+67,2.38805e+63,2.38805e+63,1.41973e+64,-1.18092e+64
0.000493,1,9.68317e+66,9.68317e+62,9.68317e+62,3.6658e+64,-3.56897e+64
0.000494,1,-2.69748e+67,-2.69748e+63,-2.69748e+63,4.26754e+64,-4.53729e+64
0.000495,1,-6.96502e+67,-6.96502e+63,-6.96502e+63,1.1433e+64,-1.8398e+64
0.000496,1,-8.10832e+67,-8.10832e+63,-8.10832e+63,-5.93605e+64,5.12522e+64
0.000497,1,-2.17227e+67,-2.17227e+63,-2.17227e+63,-1.34508e+65,1.32335e+65
0.000498,1,1.12785e+68,1.12785e+64,1.12785e+64,-1.4278e+65,1.54058e+65
0.000499,1,2.55565e+68,2.55565e+64,2.55565e+64,-1.57167e+64,4.12732e+64
0.0005,1,2.71281e+68,2.71281e+64,2.71281e+64,2.4142e+65,-2.14291e+65
0.000501,1,2.98617e+67,2.98617e+63,2.98617e+63,4.88559e+65,-4.85573e+65
0.000502,1,-4.58697e+68,-4.58697e+64,-4.58697e+64,4.69565e+65,-5.15434e+65
0.000503,1,-9.28262e+68,-9.28262e+64,-9.28262e+64,-3.60889e+64,-5.67373e+64
0.000504,1,-8.92173e+68,-8.92173e+64,-8.92173e+64,-9.60742e+65,8.71524e+65
0.000505,1,6.85689e+67,6.85689e+63,6.85689e+63,-1.75684e+66,1.7637e+66
0.000506,1,1.82541e+69,1.82541e+65,1.82541e+65,-1.51259e+66,1.69513e+66
0.000507,1,3.338e+69,3.338e+65,3.338e+65,4.64081e+65,-1.30281e+65
0.000508,1,2.87392e+69,2.87392e+65,2.87392e+65,3.75567e+66,-3.46828e+66
0.000509,1,-8.81753e+68,-8.81753e+64,-8.81753e+64,6.25402e+66,-6.34219e+66
0.00051,1,-7.13577e+69,-7.13577e+65,-7.13577e+65,4.74686e+66,-5.46044e+66
0.000511,1,-1.18826e+70,-1.18826e+66,-1.18826e+66,-2.86359e+66,1.67533e+66
0.000512,1,-9.01904e+69,-9.01904e+65,-9.01904e+65,-1.44599e+67,1.3558e+67
0.000513,1,5.44083e+69,5.44083e+65,5.44083e+65,-2.20329e+67,2.2577e+67
0.000514,1,2.74738e+70,2.74738e+66,2.74738e+66,-1.43888e+67,1.71362e+67
0.000515,1,4.18626e+70,4.18626e+66,4.18626e+66,1.45238e+67,-1.03376e+67
0.000516,1,2.73387e+70,2.73387e+66,2.73387e+66,5.4934e+67,-5.22001e+67
0.000517,1,-2.75953e+70,-2.75953e+66,-2.75953e+66,7.67793e+67,-7.95389e+67
0.000518,1,-1.04375e+71,-1.04375e+67,-1.04375e+67,4.15061e+67,-5.19436e+67
0.000519,1,-1.45881e+71,-1.45881e+67,-1.45881e+67,-6.70191e+67,5.2431e+67
0.00052,1,-7.88616e+70,-7.88616e+66,-7.88616e+66,-2.06198e+68,1.98312e+68
0.000521,1,1.27336e+71,1.27336e+67,1.27336e+67,-2.6444e+68,2.77173e+68
0.000522,1,3.91776e+71,3.91776e+67,3.91776e+67,-1.10659e+68,1.49837e+68
0.000523,1,5.02436e+71,5.02436e+67,5.02436e+67,2.92183e+68,-2.41939e+68
0.000524,1,2.10253e+71,2.10253e+67,2.10253e+67,7.654e+68,-7.44374e+68
0.000525,1,-5.55147e+71,-5.55147e+67,-5.55147e+67,8.99113e+68,-9.54628e+68
0.000526,1,-1.45426e+72,-1.45426e+68,-1.45426e+68,2.54055e+68,-3.99481e+68
0.000527,1,-1.70831e+72,-1.70831e+68,-1.70831e+68,-1.22561e+69,1.05478e+69
0.000528,1,-4.82704e+71,-4.82704e+67,-4.82704e+67,-2.81136e+69,2.76309e+69
0.000529,1,2.32866e+72,2.32866e+68,2.32866e+68,-3.01293e+69,3.2458e+69
0.00053,1,5.34159e+72,5.34159e+68,5.34159e+68,-3.82979e+68,9.17138e+68
0.000531,1,5.72457e+72,5.72457e+68,5.72457e+68,4.99691e+69,-4.42445e+69
0.000532,1,7.27659e+71,7.27659e+67,7.27659e+67,1.02218e+70,-1.0149e+70
0.000533,1,-9.49413e+72,-9.49413e+68,-9.49413e+68,9.92727e+69,-1.08767e+70
0.000534,1,-1.94214e+73,-1.94214e+69,-1.94214e+69,-5.59587e+68,-1.38255e+69
0.000535,1,-1.88618e+73,-1.88618e+69,-1.88618e+69,-1.9925e+70,1.80388e+70
0.000536,1,1.06322e+72,1.06322e+68,1.06322e+68,-3.67943e+70,3.69007e+70
0.000537,1,3.78576e+73,3.78576e+69,3.78576e+69,-3.20517e+70,3.58374e+70
0.000538,1,6.99092e+73,6.99092e+69,6.99092e+69,9.01103e+69,-2.02011e+69
0.000539,1,6.08982e+73,6.08982e+69,6.08982e+69,7.80192e+70,-7.19293e+70
0.00054,1,-1.7121e+73,-1.7121e+69,-1.7121e+69,1.31115e+71,-1.32828e+71
0.000541,1,-1.48236e+74,-1.48236e+70,-1.48236e+70,1.00883e+71,-1.15707e+71
0.000542,1,-2.49119e+74,-2.49119e+70,-2.49119e+70,-5.74418e+70,3.25298e+70
0.000543,1,-1.91678e+74,-1.91678e+70,-1.91678e+70,-3.00817e+71,2.81649e+71
0.000544,1,1.09139e+74,1.09139e+70,1.09139e+70,-4.62413e+71,4.73327e+71
0.000545,1,5.71552e+74,5.71552e+70,5.71552e+70,-3.07032e+71,3.64187e+71
0.000546,1,8.78584e+74,8.78584e+70,8.78584e+70,2.95223e+71,-2.07365e+71
0.000547,1,5.83361e+74,5.83361e+70,5.83361e+70,1.14429e+72,-1.08595e+72
0.000548,1,-5.60924e+74,-5.60924e+70,-5.60924e+70,1.61322e+72,-1.66931e+72
0.000549,1,-2.17414e+75,-2.17414e+71,-2.17414e+71,8.90972e+71,-1.10839e+72
0.00055,1,-3.06511e+75,-3.06511e+71,-3.06511e+71,-1.37227e+72,1.06576e+72
0.000551,1,-1.69285e+75,-1.69285e+71,-1.69285e+71,-4.30015e+72,4.13087e+72
0.000552,1,2.60731e+75,2.60731e+71,2.60731e+71,-5.56299e+72,5.82372e+72
0.000553,1,8.17029e+75,8.17029e+71,8.17029e+71,-2.39938e+72,3.21641e+72
0.000554,1,1.05697e+76,1.05697e+72,1.05697e+72,6.01085e+72,-4.95388e+72
0.000555,1,4.55882e+75,4.55882e+71,4.55882e+71,1.59794e+73,-1.55236e+73
0.000556,1,-1.14206e+76,-1.14206e+72,-1.14206e+72,1.89403e+73,-2.00824e+73
0.000557,1,-3.03609e+76,-3.03609e+72,-3.03609e+72,5.62567e+72,-8.66176e+72
0.000558,1,-3.59866e+76,-3.59866e+72,-3.59866e+72,-2.52978e+73,2.16992e+73
0.000559,1,-1.06888e+76,-1.06888e+72,-1.06888e+72,-5.87547e+73,5.76858e+73
0.00056,1,4.80659e+76,4.80659e+72,4.80659e+72,-6.3568e+73,6.83745e+73
0.000561,1,1.11634e+77,1.11634e+73,1.11634e+73,-9.14527e+72,2.03087e+73
0.000562,1,1.20779e+77,1.20779e+73,1.20779e+73,1.03403e+74,-9.13252e+73
0.000563,1,1.7376e+76,1.7376e+72,1.7376e+72,2.13842e+74,-2.12104e+74
0.000564,1,-1.96466e+77,-1.96466e+73,-1.96466e+73,2.09834e+74,-2.2948e+74
0.000565,1,-4.063e+77,-4.063e+73,-4.063e+73,-7.61552e+72,-3.30144e+73
0.000566,1,-3.98684e+77,-3.98684e+73,-3.98684e+73,-4.13154e+74,3.73285e+74
0.000567,1,1.44695e+76,1.44695e+72,1.44695e+72,-7.70522e+74,7.71969e+74
0.000568,1,7.84992e+77,7.84992e+73,7.84992e+73,-6.79001e+74,7.575e+74
0.000569,1,1.46399e+78,1.46399e+74,1.46399e+74,1.73891e+74,-2.7492e+73
0.00057,1,1.2901e+78,1.2901e+74,1.2901e+74,1.62049e+75,-1.49148e+75
0.000571,1,-3.30393e+77,-3.30393e+73,-3.30393e+73,2.74855e+75,-2.78159e+75
0.000572,1,-3.07894e+78,-3.07894e+74,-3.07894e+74,2.1433e+75,-2.45119e+75
0.000573,1,-5.22224e+78,-5.22224e+74,-5.22224e+74,-1.14997e+75,6.27748e+74
0.000574,1,-4.07227e+78,-4.07227e+74,-4.07227e+74,-6.25721e+75,5.84999e+75
0.000575,1,2.18495e+78,2.18495e+74,2.18495e+74,-9.70376e+75,9.92225e+75
0.000576,1,1.18887e+79,1.18887e+75,1.18887e+75,-6.54844e+75,7.73731e+75
0.000577,1,1.84371e+79,1.84371e+75,1.84371e+75,5.99511e+75,-4.1514e+75
0.000578,1,1.2442e+79,1.2442e+75,1.2442e+75,2.38327e+76,-2.25885e+76
0.000579,1,-1.13907e+79,-1.13907e+75,-1.13907e+75,3.38915e+76,-3.50306e+76
0.00058,1,-4.52822e+79,-4.52822e+75,-4.52822e+75,1.91116e+76,-2.36399e+76
0.000581,1,-6.43938e+79,-6.43938e+75,-6.43938e+75,-2.80817e+76,2.16423e+76
0.000582,1,-3.63121e+79,-3.63121e+75,-3.63121e+75,-8.96674e+76,8.60362e+76
0.000583,1,5.33553e+79,5.33553e+75,5.33553e+75,-1.17013e+77,1.22348e+77
0.000584,1,1.70368e+80,1.70368e+76,1.70368e+76,-5.19562e+76,6.8993e+76
0.000585,1,2.22324e+80,2.22324e+76,2.22324e+76,1.23607e+77,-1.01375e+77
0.000586,1,9.87168e+79,9.87168e+75,9.87168e+75,3.33571e+77,-3.23699e+77
0.000587,1,-2.34854e+80,-2.34854e+76,-2.34854e+76,3.98931e+77,-4.22416e+77
0.000588,1,-6.33785e+80,-6.33785e+76,-6.33785e+76,1.24183e+77,-1.87562e+77
0.000589,1,-7.57968e+80,-7.57968e+76,-7.57968e+76,-5.2202e+77,4.46223e+77
0.00059,1,-2.35948e+80,-2.35948e+76,-2.35948e+76,-1.22779e+78,1.20419e+78
0.000591,1,9.91838e+80,9.91838e+76,9.91838e+76,-1.34096e+78,1.44014e+78
0.000592,1,2.33279e+81,2.33279e+77,2.33279e+77,-2.15023e+77,4.48302e+77
0.000593,1,2.54782e+81,2.54782e+77,2.54782e+77,2.13927e+78,-1.88449e+78
0.000594,1,4.08543e+80,4.08543e+76,4.08543e+76,4.47316e+78,-4.43231e+78
0.000595,1,-4.06462e+81,-4.06462e+77,-4.06462e+77,4.43439e+78,-4.84085e+78
0.000596,1,-8.49901e+81,-8.49901e+77,-8.49901e+77,-7.3669e+76,-7.76232e+77
0.000597,1,-8.42534e+81,-8.42534e+77,-8.42534e+77,-8.56531e+78,7.72278e+78
0.000598,1,1.39971e+80,1.39971e+76,1.39971e+76,-1.61341e+79,1.61481e+79
0.000599,1,1.62741e+82,1.62741e+78,1.62741e+78,-1.43807e+79,1.60081e+79
0.0006,1,3.06548e+82,3.06548e+78,3.06548e+78,3.33143e+78,-2.65945e+77
0.000601,1,2.73234e+82,2.73234e+78,2.73234e+78,3.36531e+79,-3.09208e+79
0.000602,1,-6.32971e+81,-6.32971e+77,-6.32971e+77,5.76112e+79,-5.82442e+79
0.000603,1,-6.39409e+82,-6.39409e+78,-6.39409e+78,4.55204e+79,-5.19145e+79
0.000604,1,-1.09461e+83,-1.09461e+79,-1.09461e+79,-2.29726e+79,1.20265e+79
0.000605,1,-8.64887e+82,-8.64887e+78,-8.64887e+78,-1.30137e+80,1.21488e+80
0.000606,1,4.36479e+82,4.36479e+78,4.36479e+78,-2.03612e+80,2.07976e+80
0.000607,1,2.4726e+83,2.4726e+79,2.4726e+79,-1.39603e+80,1.64329e+80
0.000608,1,3.86862e+83,3.86862e+79,3.86862e+79,1.21617e+80,-8.2931e+79
0.000609,1,2.65245e+83,2.65245e+79,2.65245e+79,4.96318e+80,-4.69793e+80
0.00061,1,-2.31073e+83,-2.31073e+79,-2.31073e+79,7.11931e+80,-7.35038e+80
0.000611,1,-9.43003e+83,-9.43003e+79,-9.43003e+79,4.09665e+80,-5.03965e+80
0.000612,1,-1.35267e+84,-1.35267e+80,-1.35267e+80,-5.74305e+80,4.39038e+80
0.000613,1,-7.78363e+83,-7.78363e+79,-7.78363e+79,-1.86954e+81,1.79171e+81
0.000614,1,1.09118e+84,1.09118e+80,1.09118e+80,-2.46095e+81,2.57007e+81
0.000615,1,3.55213e+84,3.55213e+80,3.55213e+80,-1.12368e+81,1.47889e+81
0.000616,1,4.67581e+84,4.67581e+80,4.67581e+80,2.54082e+81,-2.07324e+81
0.000617,1,2.13499e+84,2.13499e+80,2.13499e+80,6.96255e+81,-6.74905e+81
0.000618,1,-4.82756e+84,-4.82756e+80,-4.82756e+80,8.40128e+81,-8.88404e+81
0.000619,1,-1.32288e+85,-1.32288e+81,-1.32288e+81,2.73359e+81,-4.05647e+81
0.00062,1,-1.59624e+85,-1.59624e+81,-1.59624e+81,-1.07686e+82,9.17237e+81
0.000621,1,-5.19382e+84,-5.19382e+80,-5.19382e+80,-2.56542e+82,2.51348e+82
0.000622,1,2.04604e+85,2.04604e+81,2.04604e+81,-2.82826e+82,3.03286e+82
0.000623,1,4.87429e+85,4.87429e+81,4.87429e+81,-4.99397e+81,9.86826e+81
0.000624,1,5.37369e+85,5.37369e+81,5.37369e+81,4.42484e+82,-3.88747e+82
0.000625,1,9.48854e+84,9.48854e+80,9.48854e+80,9.35605e+82,-9.26116e+82
0.000626,1,-8.40719e+85,-8.40719e+81,-8.40719e+81,9.36929e+82,-1.021e+83
0.000627,1,-1.77765e+86,-1.77765e+82,-1.77765e+82,2.51733e+80,-1.80282e+82
0.000628,1,-1.78017e+86,-1.78017e+82,-1.78017e+82,-1.77538e+83,1.59737e+83
0.000629,1,-4.78293e+83,-4.78293e+79,-4.78293e+79,-3.37801e+83,3.37753e+83
0.00063,1,3.37323e+86,3.37323e+82,3.37323e+82,-3.04499e+83,3.38232e+83
0.000631,1,6.41822e+86,6.41822e+82,6.41822e+82,6.32734e+82,9.08758e+80
0.000632,1,5.78549e+86,5.78549e+82,5.78549e+82,6.98768e+83,-6.40913e+83
0.000633,1,-1.2022e+86,-1.2022e+82,-1.2022e+82,1.20744e+84,-1.21946e+84
0.000634,1,-1.32766e+87,-1.32766e+83,-1.32766e+83,9.66476e+83,-1.09924e+84
0.000635,1,-2.29414e+87,-2.29414e+83,-2.29414e+83,-4.57831e+83,2.28417e+83
0.000636,1,-1.83631e+87,-1.83631e+83,-1.83631e+83,-2.70618e+84,2.52255e+84
0.000637,1,8.69878e+86,8.69878e+82,8.69878e+82,-4.27187e+84,4.35886e+84
0.000638,1,5.14175e+87,5.14175e+83,5.14175e+83,-2.9748e+84,3.48898e+84
0.000639,1,8.11655e+87,8.11655e+83,8.11655e+83,2.46442e+84,-1.65277e+84
0.00064,1,5.65213e+87,5.65213e+83,5.65213e+83,1.03345e+85,-9.76932e+84
0.000641,1,-4.68241e+87,-4.68241e+83,-4.68241e+83,1.49532e+85,-1.54215e+85
0.000642,1,-1.96356e+88,-1.96356e+84,-1.96356e+84,8.77548e+84,-1.0739e+85
0.000643,1,-2.84111e+88,-2.84111e+84,-2.84111e+84,-1.17377e+85,8.89657e+84
0.000644,1,-1.66734e+88,-1.66734e+84,-1.66734e+84,-3.8975e+85,3.73077e+85
0.000645,1,2.23016e+88,2.23016e+84,2.23016e+84,-5.17509e+85,5.39811e+85
0.000646,1,7.40525e+88,7.40525e+84,7.40525e+84,-2.42742e+85,3.16795e+85
0.000647,1,9.83268e+88,9.83268e+84,9.83268e+84,5.22057e+85,-4.2373e+85
0.000648,1,4.61211e+88,4.61211e+84,4.61211e+84,1.45312e+86,-1.407e+86
0.000649,1,-9.91908e+88,-9.91908e+84,-9.91908e+84,1.76902e+86,-1.86821e+86
0.00065,1,-2.76093e+89,-2.76093e+85,-2.76093e+85,6.00208e+85,-8.763e+85
0.000651,1,-3.36113e+89,-3.36113e+85,-3.36113e+85,-2.22074e+86,1.88463e+86
0.000652,1,-1.14039e+89,-1.14039e+85,-1.14039e+85,-5.3598e+86,5.24576e+86
0.000653,1,4.2194e+89,4.2194e+85,4.2194e+85,-5.96421e+86,6.38615e+86
0.000654,1,1.01836e+90,1.01836e+86,1.01836e+86,-1.14839e+86,2.16675e+86
0.000655,1,1.1332e+90,1.1332e+86,1.1332e+86,9.15007e+86,-8.01687e+86
0.000656,1,2.18194e+89,2.18194e+85,2.18194e+85,1.95671e+87,-1.93489e+87
0.000657,1,-1.73851e+90,-1.73851e+86,-1.73851e+86,1.97923e+87,-2.15308e+87
0.000658,1,-3.71774e+90,-3.71774e+86,-3.71774e+86,4.27936e+85,-4.14568e+86
0.000659,1,-3.76054e+90,-3.76054e+86,-3.76054e+86,-3.67923e+87,3.30318e+87
0.00066,1,-8.13078e+88,-8.13078e+84,-8.13078e+84,-7.07184e+87,7.06371e+87
0.000661,1,6.99053e+90,6.99053e+86,6.99053e+86,-6.44597e+87,7.14502e+87
0.000662,1,1.34365e+91,1.34365e+87,1.34365e+87,1.18917e+87,1.54485e+86
0.000663,1,1.22473e+91,1.22473e+87,1.22473e+87,1.45067e+88,-1.3282e+88
0.000664,1,-2.25941e+90,-2.25941e+86,-2.25941e+86,2.53034e+88,-2.55294e+88
0.000665,1,-2.75628e+91,-2.75628e+87,-2.75628e+87,2.05137e+88,-2.32699e+88
0.000666,1,-4.80765e+91,-4.80765e+87,-4.80765e+87,-9.10053e+87,4.29289e+87
0.000667,1,-3.89759e+91,-3.89759e+87,-3.89759e+87,-5.6267e+88,5.23694e+88
0.000668,1,1.7291e+91,1.7291e+87,1.7291e+87,-8.96162e+88,9.13453e+88
0.000669,1,1.06907e+92,1.06907e+88,1.06907e+88,-6.33636e+88,7.40543e+88
0.00067,1,1.70271e+92,1.70271e+88,1.70271e+88,4.988e+88,-3.28529e+88
0.000671,1,1.20391e+92,1.20391e+88,1.20391e+88,2.15163e+89,-2.03124e+89
0.000672,1,-9.4772e+91,-9.4772e+87,-9.4772e+87,3.14037e+89,-3.23515e+89
0.000673,1,-4.08809e+92,-4.08809e+88,-4.08809e+88,1.87862e+89,-2.28742e+89
0.000674,1,-5.96671e+92,-5.96671e+88,-5.96671e+88,-2.39734e+89,1.80067e+89
0.000675,1,-3.56937e+92,-3.56937e+88,-3.56937e+88,-8.12431e+89,7.76738e+89
0.000676,1,4.55494e+92,4.55494e+88,4.55494e+88,-1.08813e+90,1.13367e+90
0.000677,1,1.54362e+93,1.54362e+89,1.54362e+89,-5.23818e+89,6.7818e+89
0.000678,1,2.06744e+93,2.06744e+89,2.06744e+89,1.07218e+90,-8.65439e+89
0.000679,1,9.95255e+92,9.95255e+88,9.95255e+88,3.0324e+90,-2.93288e+90
0.00068,1,-2.03715e+93,-2.03715e+89,-2.03715e+89,3.72442e+90,-3.92813e+90
0.000681,1,-5.76157e+93,-5.76157e+89,-5.76157e+89,1.31483e+90,-1.89098e+90
0.000682,1,-7.07639e+93,-7.07639e+89,-7.07639e+89,-4.57822e+90,3.87058e+90
0.000683,1,-2.49817e+93,-2.49817e+89,-2.49817e+89,-1.11968e+91,1.0947e+91
0.000684,1,8.69862e+93,8.69862e+89,8.69862e+89,-1.25753e+91,1.34451e+91
0.000685,1,2.12739e+94,2.12739e+90,2.12739e+90,-2.61914e+90,4.74653e+90
0.000686,1,2.3893e+94,2.3893e+90,2.3893e+90,1.89167e+91,-1.65274e+91
0.000687,1,4.97636e+93,4.97636e+89,4.97636e+89,4.09181e+91,-4.04204e+91
0.000688,1,-3.59417e+94,-3.59417e+90,-3.59417e+90,4.18026e+91,-4.53968e+91
0.000689,1,-7.77443e+94,-7.77443e+90,-7.77443e+90,1.68065e+90,-9.45508e+90
0.00069,1,-7.9425e+94,-7.9425e+90,-7.9425e+90,-7.62317e+91,6.82892e+91
0.000691,1,-3.19324e+93,-3.19324e+89,-3.19324e+89,-1.48034e+92,1.47714e+92
0.000692,1,1.4484e+95,1.4484e+91,1.4484e+91,-1.36423e+92,1.50907e+92
0.000693,1,2.81264e+95,2.81264e+91,2.81264e+91,2.20592e+91,6.06715e+90
0.000694,1,2.59204e+95,2.59204e+91,2.59204e+91,3.01117e+92,-2.75196e+92
0.000695,1,-4.19125e+94,-4.19125e+90,-4.19125e+90,5.3021e+92,-5.34401e+92
0.000696,1,-5.72122e+95,-5.72122e+91,-5.72122e+91,4.35276e+92,-4.92488e+92
0.000697,1,-1.0074e+96,-1.0074e+92,-1.0074e+92,-1.80374e+92,7.96337e+91
0.000698,1,-8.27025e+95,-8.27025e+91,-8.27025e+91,-1.16973e+93,1.08703e+93
0.000699,1,3.4271e+95,3.4271e+91,3.4271e+91,-1.87979e+93,1.91406e+93
0.0007,1,2.2225e+96,2.2225e+92,2.2225e+92,-1.3491e+93,1.57135e+93
0.000701,1,3.57159e+96,3.57159e+92,3.57159e+92,1.00831e+93,-6.51149e+92
0.000702,1,2.56329e+96,2.56329e+92,2.56329e+92,4.47907e+93,-4.22274e+93
0.000703,1,-1.91579e+96,-1.91579e+92,-1.91579e+92,6.59445e+93,-6.78603e+93
0.000704,1,-8.51023e+96,-8.51023e+92,-8.51023e+92,4.01922e+93,-4.87024e+93
0.000705,1,-1.25295e+97,-1.25295e+93,-1.25295e+93,-4.89294e+93,3.63999e+93
0.000706,1,-7.63652e+96,-7.63652e+92,-7.63652e+92,-1.69331e+94,1.61694e+94
0.000707,1,9.29658e+96,9.29658e+92,9.29658e+92,-2.28763e+94,2.3806e+94
0.000708,1,3.21729e+97,3.21729e+93,3.21729e+93,-1.12921e+94,1.45094e+94
0.000709,1,4.3465e+97,4.3465e+93,4.3465e+93,2.201e+94,-1.76635e+94
0.00071,1,2.1455e+97,2.1455e+93,2.1455e+93,6.3274e+94,-6.11285e+94
0.000711,1,-4.1819e+97,-4.1819e+93,-4.1819e+93,7.84016e+94,-8.25835e+94
0.000712,1,-1.20221e+98,-1.20221e+94,-1.20221e+94,2.87424e+94,-4.07645e+94
0.000713,1,-1.48963e+98,-1.48963e+94,-1.48963e+94,-9.43524e+94,7.94561e+94
0.000714,1,-5.46106e+97,-5.46106e+93,-5.46106e+93,-2.3388e+95,2.28419e+95
0.000715,1,1.7927e+98,1.7927e+94,1.7927e+94,-2.65103e+95,2.8303e+95
0.000716,1,4.44372e+98,4.44372e+94,4.44372e+94,-5.93228e+94,1.0376e+95
0.000717,1,5.03695e+98,5.03695e+94,5.03695e+94,3.90982e+95,-3.40612e+95
0.000718,1,1.12713e+98,1.12713e+94,1.12713e+94,8.55579e+95,-8.44307e+95
0.000719,1,-7.42865e+98,-7.42865e+94,-7.42865e+94,8.82734e+95,-9.57021e+95
0.00072,1,-1.6256e+99,-1.6256e+95,-1.6256e+95,5.15955e+94,-2.14155e+95
0.000721,1,-1.67719e+99,-1.67719e+95,-1.67719e+95,-1.57916e+96,1.41144e+96
0.000722,1,-9.80314e+97,-9.80314e+93,-9.80314e+93,-3.09844e+96,3.08864e+96
0.000723,1,3.00041e+99,3.00041e+95,3.00041e+95,-2.88663e+96,3.18667e+96
0.000724,1,5.88704e+99,5.88704e+95,5.88704e+95,4.02444e+95,1.8626e+95
0.000725,1,5.48459e+99,5.48459e+95,5.48459e+95,6.24924e+96,-5.70078e+96
0.000726,1,-7.64644e+98,-7.64644e+94,-7.64644e+94,1.11089e+97,-1.11854e+97
0.000727,1,-1.18736e+100,-1.18736e+96,-1.18736e+96,9.23337e+96,-1.04207e+97
0.000728,1,-2.11069e+100,-2.11069e+96,-2.11069e+96,-3.56352e+96,1.45282e+96
0.000729,1,-1.75434e+100,-1.75434e+96,-1.75434e+96,-2.43141e+97,2.25598e+97
0.00073,1,6.77068e+99,6.77068e+95,6.77068e+95,-3.94261e+97,4.01032e+97
0.000731,1,4.61968e+100,4.61968e+96,4.61968e+96,-2.87128e+97,3.33325e+97
0.000732,1,7.49096e+100,7.49096e+96,7.49096e+96,2.03553e+97,-1.28643e+97
0.000733,1,5.45543e+100,5.45543e+96,5.45543e+96,9.32293e+97,-8.77739e+97
0.000734,1,-3.8675e+100,-3.8675e+96,-3.8675e+96,1.38461e+98,-1.42328e+98
0.000735,1,-1.77136e+101,-1.77136e+97,-1.77136e+97,8.59397e+97,-1.03653e+98
0.000736,1,-2.63075e+101,-2.63075e+97,-2.63075e+97,-9.979e+97,7.34825e+97
0.000737,1,-1.63285e+101,-1.63285e+97,-1.63285e+97,-3.52886e+98,3.36558e+98
0.000738,1,1.89601e+101,1.89601e+97,1.89601e+97,-4.80883e+98,4.99843e+98
0.000739,1,6.70484e+101,6.70484e+97,6.70484e+97,-2.43194e+98,3.10242e+98
0.00074,1,9.13678e+101,9.13678e+97,9.13678e+97,4.5161e+98,-3.60242e+98
0.000741,1,4.62068e+101,4.62068e+97,4.62068e+97,1.32013e+99,-1.27392e+99
0.000742,1,-8.58058e+101,-8.58058e+97,-8.58058e+97,1.65018e+99,-1.73599e+99
0.000743,1,-2.50824e+102,-2.50824e+98,-2.50824e+98,6.27105e+98,-8.77929e+98
0.000744,1,-3.13535e+102,-3.13535e+98,-3.13535e+98,-1.94385e+99,1.63031e+99
0.000745,1,-1.1915e+102,-1.1915e+98,-1.1915e+98,-4.88481e+99,4.76566e+99
0.000746,1,3.69331e+102,3.69331e+98,3.69331e+98,-5.58783e+99,5.95716e+99
0.000747,1,9.28113e+102,9.28113e+98,9.28113e+98,-1.33574e+99,2.26385e+99
0.000748,1,1.06169e+103,1.06169e+99,1.06169e+99,8.07897e+99,-7.01728e+99
0.000749,1,2.5379e+102,2.5379e+98,2.5379e+98,1.78879e+100,-1.76342e+100
0.00075,1,-1.535e+103,-1.535e+99,-1.535e+99,1.8637e+100,-2.01721e+100
0.000751,1,-3.39871e+103,-3.39871e+99,-3.39871e+99,1.4233e+99,-4.82201e+99
0.000752,1,-3.54104e+103,-3.54104e+99,-3.54104e+99,-3.27061e+100,2.91651e+100
0.000753,1,-2.70428e+102,-2.70428e+98,-2.70428e+98,-6.48459e+100,6.45755e+100
0.000754,1,6.21416e+103,6.21416e+99,6.21416e+99,-6.10656e+100,6.72797e+100
0.000755,1,1.23207e+104,1.23207e+100,1.23207e+100,7.1826e+99,5.13812e+99
0.000756,1,1.16025e+104,1.16025e+100,1.16025e+100,1.29672e+101,-1.18069e+101
0.000757,1,-1.36469e+103,-1.36469e+99,-1.36469e+99,2.32729e+101,-2.34094e+101
0.000758,1,-2.46376e+104,-2.46376e+100,-2.46376e+100,1.95809e+101,-2.20447e+101
0.000759,1,-4.42185e+104,-4.42185e+100,-4.42185e+100,-7.01477e+100,2.59292e+100
0.00076,1,-3.72037e+104,-3.72037e+100,-3.72037e+100,-5.05318e+101,4.68114e+101
0.000761,1,1.33281e+104,1.33281e+100,1.33281e+100,-8.26824e+101,8.40152e+101
0.000762,1,9.60104e+104,9.60104e+100,9.60104e+100,-6.10861e+101,7.06871e+101
0.000763,1,1.57096e+105,1.57096e+101,1.57096e+101,4.1033e+101,-2.53233e+101
0.000764,1,1.16064e+105,1.16064e+101,1.16064e+101,1.94026e+102,-1.8242e+102
0.000765,1,-7.79626e+104,-7.79626e+100,-7.79626e+100,2.90687e+102,-2.98483e+102
0.000766,1,-3.6865e+105,-3.6865e+101,-3.6865e+101,1.83656e+102,-2.20521e+102
0.000767,1,-5.52305e+105,-5.52305e+101,-5.52305e+101,-2.0336e+102,1.48129e+102
0.000768,1,-3.48946e+105,-3.48946e+101,-3.48946e+101,-7.35329e+102,7.00434e+102
0.000769,1,3.86383e+105,3.86383e+101,3.86383e+101,-1.01074e+103,1.04938e+103
0.00077,1,1.39713e+106,1.39713e+102,1.39713e+102,-5.23285e+102,6.62997e+102
0.000771,1,1.92041e+106,1.92041e+102,1.92041e+102,9.26169e+102,-7.34128e+102
0.000772,1,9.94241e+105,9.94241e+101,9.94241e+101,2.75396e+103,-2.65454e+103
0.000773,1,-1.75972e+106,-1.75972e+102,-1.75972e+102,3.47281e+103,-3.64878e+103
0.000774,1,-5.23253e+106,-5.23253e+102,-5.23253e+102,1.3658e+103,-1.88906e+103
0.000775,1,-6.59833e+106,-6.59833e+102,-6.59833e+102,-4.0033e+103,3.34347e+103
0.000776,1,-2.59503e+106,-2.59503e+102,-2.59503e+102,-1.02013e+104,9.9418e+103
0.000777,1,7.60628e+106,7.60628e+102,7.60628e+102,-1.17762e+104,1.25368e+104
0.000778,1,1.93825e+107,1.93825e+103,1.93825e+103,-2.99231e+103,4.93056e+103
0.000779,1,2.23748e+107,2.23748e+103,2.23748e+103,1.66894e+104,-1.44519e+104
0.00078,1,5.68538e+106,5.68538e+102,5.68538e+102,3.73953e+104,-3.68267e+104
0.000781,1,-3.17099e+107,-3.17099e+103,-3.17099e+103,3.93411e+104,-4.25121e+104
0.000782,1,-7.1051e+107,-7.1051e+103,-7.1051e+103,3.69713e+103,-1.08022e+104
0.000783,1,-7.47481e+107,-7.47481e+103,-7.47481e+103,-6.77236e+104,6.02487e+104
0.000784,1,-7.02455e+106,-7.02455e+102,-7.02455e+102,-1.35699e+105,1.34997e+105
0.000785,1,1.28675e+108,1.28675e+104,1.28675e+104,-1.29154e+105,1.42021e+105
0.000786,1,2.57829e+108,2.57829e+104,2.57829e+104,1.24362e+104,1.33467e+104
0.000787,1,2.45392e+108,2.45392e+104,2.45392e+104,2.69021e+105,-2.44482e+105
0.000788,1,-2.36288e+107,-2.36288e+103,-2.36288e+103,4.87512e+105,-4.89875e+105
0.000789,1,-5.1114e+108,-5.1114e+104,-5.1114e+104,4.15132e+105,-4.66246e+105
0.00079,1,-9.26272e+108,-9.26272e+104,-9.26272e+104,-1.37522e+105,4.48947e+104
0.000791,1,-7.8875e+108,-7.8875e+104,-7.8875e+104,-1.05004e+106,9.71167e+105
0.000792,1,2.61292e+108,2.61292e+104,2.61292e+104,-1.73379e+106,1.75992e+106
0.000793,1,1.99508e+109,1.99508e+105,1.99508e+105,-1.29912e+106,1.49863e+106
0.000794,1,3.2942e+109,3.2942e+105,3.2942e+105,8.25874e+105,-4.96454e+105
0.000795,1,2.46832e+109,2.46832e+105,2.46832e+105,4.03748e+106,-3.79065e+106
0.000796,1,-1.56916e+109,-1.56916e+105,-1.56916e+105,6.10206e+106,-6.25897e+106
0.000797,1,-7.67122e+109,-7.67122e+105,-7.67122e+105,3.92269e+106,-4.68981e+106
0.000798,1,-1.15939e+110,-1.15939e+106,-1.15939e+106,-4.1408e+106,2.9814e+106
0.000799,1,-7.45311e+109,-7.45311e+105,-7.45311e+105,-1.53206e+107,1.45753e+107
0.0008,1,7.86751e+109,7.86751e+105,7.86751e+105,-2.12417e+107,2.20284e+107
0.000801,1,2.91092e+110,2.91092e+106,2.91092e+106,-1.125e+107,1.41609e+107
0.000802,1,4.03592e+110,4.03592e+106,4.03592e+106,1.89842e+107,-1.49483e+107
0.000803,1,2.1375e+110,2.1375e+106,2.1375e+106,5.7445e+107,-5.53075e+107
0.000804,1,-3.607e+110,-3.607e+106,-3.607e+106,7.30755e+107,-7.66825e+107
0.000805,1,-1.09145e+111,-1.09145e+107,-1.09145e+107,2.96979e+107,-4.06125e+107
0.000806,1,-1.38843e+111,-1.38843e+107,-1.38843e+107,-8.24173e+107,6.85329e+107
0.000807,1,-5.64261e+110,-5.64261e+106,-5.64261e+106,-2.13019e+108,2.07376e+108
0.000808,1,1.56593e+111,1.56593e+107,1.56593e+107,-2.48143e+108,2.63802e+108
0.000809,1,4.04736e+111,4.04736e+107,4.04736e+107,-6.6736e+107,1.0721e+108
0.00081,1,4.71472e+111,4.71472e+107,4.71472e+107,3.44674e+108,-2.97526e+108
0.000811,1,1.26798e+111,1.26798e+107,1.26798e+107,7.81678e+108,-7.68998e+108
0.000812,1,-6.5488e+111,-6.5488e+107,-6.5488e+107,8.30309e+108,-8.95797e+108
0.000813,1,-1.48519e+112,-1.48519e+108,-1.48519e+108,9.23981e+107,-2.40917e+108
0.000814,1,-1.57759e+112,-1.57759e+108,-1.57759e+108,-1.40203e+109,1.24427e+109
0.000815,1,-1.75556e+111,-1.75556e+107,-1.75556e+107,-2.83941e+109,2.82186e+109
0.000816,1,2.66386e+112,2.66386e+108,2.66386e+108,-2.73103e+109,2.99741e+109
0.000817,1,5.39489e+112,5.39489e+108,5.39489e+108,2.05931e+108,3.33557e+108
0.000818,1,5.18895e+112,5.18895e+108,5.18895e+108,5.58022e+109,-5.06133e+109
0.000819,1,-3.9127e+111,-3.9127e+107,-3.9127e+107,1.02112e+110,-1.02503e+110
0.00082,1,-1.06024e+113,-1.06024e+109,-1.06024e+109,8.79877e+109,-9.85901e+109
0.000821,1,-1.94012e+113,-1.94012e+109,-1.94012e+109,-2.68353e+109,7.43412e+108
0.000822,1,-1.67177e+113,-1.67177e+109,-1.67177e+109,-2.18164e+110,2.01446e+110
0.000823,1,5.09871e+112,5.09871e+108,5.09871e+108,-3.63524e+110,3.68623e+110
0.000824,1,4.14511e+113,4.14511e+109,4.14511e+109,-2.76185e+110,3.17636e+110
0.000825,1,6.90696e+113,6.90696e+109,6.90696e+109,1.65945e+110,-9.68755e+109
0.000826,1,5.24751e+113,5.24751e+109,5.24751e+109,8.40046e+110,-7.87571e+110
0.000827,1,-3.15296e+113,-3.15296e+109,-3.15296e+109,1.28079e+111,-1.31232e+111
0.000828,1,-1.59609e+114,-1.59609e+110,-1.59609e+110,8.37417e+110,-9.97026e+110
0.000829,1,-2.43351e+114,-2.43351e+110,-2.43351e+110,-8.42412e+110,5.99062e+110
0.00083,1,-1.59109e+114,-1.59109e+110,-1.59109e+110,-3.19168e+111,3.03257e+111
0.000831,1,1.60058e+114,1.60058e+110,1.60058e+110,-4.4636e+111,4.62366e+111
0.000832,1,6.06418e+114,6.06418e+110,6.06418e+110,-2.41666e+111,3.02308e+111
0.000833,1,8.48084e+114,8.48084e+110,8.48084e+110,3.88919e+111,-3.04111e+111
0.000834,1,4.59165e+114,4.59165e+110,4.59165e+110,1.19811e+112,-1.1522e+112
0.000835,1,-7.38947e+114,-7.38947e+110,-7.38947e+110,1.53747e+112,-1.61136e+112
0.000836,1,-2.27641e+115,-2.27641e+111,-2.27641e+111,6.44772e+111,-8.72414e+111
0.000837,1,-2.92118e+115,-2.92118e+111,-2.92118e+111,-1.69612e+112,1.404e+112
0.000838,1,-1.22507e+115,-1.22507e+111,-1.22507e+111,-4.44769e+112,4.32518e+112
0.000839,1,3.22262e+115,3.22262e+111,3.22262e+111,-5.22799e+112,5.55025e+112
0.00084,1,8.45061e+115,8.45061e+111,8.45061e+111,-1.48257e+112,2.32763e+112
0.000841,1,9.93318e+115,9.93318e+111,9.93318e+111,7.1163e+112,-6.12298e+112
0.000842,1,2.81688e+115,2.81688e+111,2.81688e+111,1.63378e+113,-1.60562e+113
0.000843,1,-1.3521e+116,-1.3521e+112,-1.3521e+112,1.75209e+113,-1.8873e+113
0.000844,1,-3.10419e+116,-3.10419e+112,-3.10419e+112,2.24788e+112,-5.35207e+112
0.000845,1,-3.32898e+116,-3.32898e+112,-3.32898e+112,-2.90188e+113,2.56898e+113
0.000846,1,-4.27097e+115,-4.27097e+111,-4.27097e+111,-5.94067e+113,5.89796e+113
0.000847,1,5.51358e+116,5.51358e+112,5.51358e+112,-5.7737e+113,6.32506e+113
0.000848,1,1.12873e+117,1.12873e+113,1.12873e+113,3.17244e+112,8.11484e+112
0.000849,1,1.097e+117,1.097e+113,1.097e+113,1.15728e+114,-1.04758e+114
0.00085,1,-6.02764e+115,-6.02764e+111,-6.02764e+111,2.13856e+114,-2.14458e+114
0.000851,1,-2.19883e+117,-2.19883e+113,-2.19883e+113,1.86442e+114,-2.08431e+114
0.000852,1,-4.06325e+117,-4.06325e+113,-4.06325e+113,-5.20851e+113,1.14525e+113
0.000853,1,-3.5424e+117,-3.5424e+113,-3.5424e+113,-4.53202e+114,4.17778e+114
0.000854,1,9.89616e+116,9.89616e+112,9.89616e+112,-7.62122e+114,7.72018e+114
0.000855,1,8.61084e+117,8.61084e+113,8.61084e+113,-5.86948e+114,6.73057e+114
0.000856,1,1.44803e+118,1.44803e+114,1.44803e+114,3.3283e+114,-1.88027e+114
0.000857,1,1.1152e+118,1.1152e+114,1.1152e+114,1.74758e+115,-1.63606e+115
0.000858,1,-6.32378e+117,-6.32378e+113,-6.32378e+113,2.68802e+115,-2.75126e+115
0.000859,1,-3.3204e+118,-3.3204e+114,-3.3204e+114,1.78684e+115,-2.11888e+115
0.00086,1,-5.10724e+118,-5.10724e+114,-5.10724e+114,-1.71224e+115,1.20152e+115
0.000861,1,-3.395e+118,-3.395e+114,-3.395e+114,-6.64826e+115,6.30876e+115
0.000862,1,3.25326e+118,3.25326e+114,3.25326e+114,-9.37844e+115,9.70377e+115
0.000863,1,1.26317e+119,1.26317e+115,1.26317e+115,-5.18734e+115,6.45051e+115
0.000864,1,1.7819e+119,1.7819e+115,1.7819e+115,7.9631e+115,-6.18119e+115
0.000865,1,9.85594e+118,9.85594e+114,9.85594e+114,2.49858e+116,-2.40002e+116
0.000866,1,-1.51299e+119,-1.51299e+115,-1.51299e+115,3.23432e+116,-3.38562e+116
0.000867,1,-4.74731e+119,-4.74731e+115,-4.74731e+115,1.3979e+116,-1.87263e+116
0.000868,1,-6.1452e+119,-6.1452e+115,-6.1452e+115,-3.4892e+116,2.87468e+116
0.000869,1,-2.65601e+119,-2.65601e+115,-2.65601e+115,-9.28548e+116,9.01988e+116
0.00087,1,6.62948e+119,6.62948e+115,6.62948e+115,-1.10129e+117,1.16759e+117
0.000871,1,1.76424e+120,1.76424e+116,1.76424e+116,-3.28217e+116,5.04641e+116
0.000872,1,2.09246e+120,2.09246e+116,2.09246e+116,1.46885e+117,-1.2596e+117
0.000873,1,6.23612e+119,6.23612e+115,6.23612e+115,3.41442e+117,-3.35206e+117
0.000874,1,-2.79081e+120,-2.79081e+116,-2.79081e+116,3.69659e+117,-3.97567e+117
0.000875,1,-6.4874e+120,-6.4874e+116,-6.4874e+116,5.36123e+116,-1.18486e+117
0.000876,1,-7.02352e+120,-7.02352e+116,-7.02352e+116,-6.00489e+117,5.30254e+117
0.000877,1,-1.01863e+120,-1.01863e+116,-1.01863e+116,-1.24279e+118,1.23261e+118
0.000878,1,1.14093e+121,1.14093e+117,1.14093e+117,-1.22038e+118,1.33447e+118
0.000879,1,2.3613e+121,2.3613e+117,2.3613e+117,4.25901e+116,1.9354e+117
0.00088,1,2.31871e+121,2.31871e+117,2.31871e+117,2.39964e+118,-2.16776e+118
0.000881,1,-8.09212e+119,-8.09212e+115,-8.09212e+115,4.47839e+118,-4.48648e+118
0.000882,1,-4.55931e+121,-4.55931e+117,-4.55931e+117,3.94963e+118,-4.40556e+118
0.000883,1,-8.50894e+121,-8.50894e+117,-8.50894e+117,-1.00464e+118,1.5375e+117
0.000884,1,-7.50429e+121,-7.50429e+117,-7.50429e+117,-9.41312e+118,8.66269e+118
0.000885,1,1.90882e+121,1.90882e+117,1.90882e+117,-1.59761e+119,1.6167e+119
0.000886,1,1.78849e+122,1.78849e+118,1.78849e+118,-1.24697e+119,1.42582e+119
0.000887,1,3.03546e+122,3.03546e+118,3.03546e+118,6.66222e+118,-3.62676e+118
0.000888,1,2.36924e+122,2.36924e+118,2.36924e+118,3.63506e+119,-3.39813e+119
0.000889,1,-1.26582e+122,-1.26582e+118,-1.26582e+118,5.64079e+119,-5.76737e+119
0.00089,1,-6.90661e+122,-6.90661e+118,-6.90661e+118,3.81089e+119,-4.50155e+119
0.000891,1,-1.07175e+123,-1.07175e+119,-1.07175e+119,-3.47681e+119,2.40506e+119
0.000892,1,-7.24069e+122,-7.24069e+118,-7.24069e+118,-1.38466e+120,1.31226e+120
0.000893,1,6.60594e+122,6.60594e+118,6.60594e+118,-1.97027e+120,2.03632e+120
0.000894,1,2.63086e+123,2.63086e+119,2.63086e+119,-1.11264e+120,1.37573e+120
0.000895,1,3.7435e+123,3.7435e+119,3.7435e+119,1.62948e+120,-1.25513e+120
0.000896,1,2.11402e+123,2.11402e+119,2.11402e+119,5.21004e+120,-4.99863e+120
0.000897,1,-3.09601e+123,-3.09601e+119,-3.09601e+119,6.80306e+120,-7.11266e+120
0.000898,1,-9.89907e+123,-9.89907e+119,-9.89907e+119,3.02674e+120,-4.01665e+120
0.000899,1,-1.29258e+124,-1.29258e+120,-1.29258e+120,-7.175e+120,5.88242e+120
0.0009,1,-5.7508e+123,-5.7508e+119,-5.7508e+119,-1.93833e+121,1.88082e+121
0.000901,1,1.36325e+124,1.36325e+120,1.36325e+120,-2.31958e+121,2.4559e+121
0.000902,1,3.68283e+124,3.68283e+120,3.68283e+120,-7.2437e+120,1.09265e+121
0.000903,1,4.4072e+124,4.4072e+120,4.4072e+120,3.0309e+121,-2.59018e+121
0.000904,1,1.3763e+124,1.3763e+120,1.3763e+120,7.135e+121,-6.99737e+121
0.000905,1,-5.7587e+124,-5.7587e+120,-5.7587e+120,7.79781e+121,-8.37368e+121
0.000906,1,-1.35565e+125,-1.35565e+121,-1.35565e+121,1.25933e+121,-2.61498e+121
0.000907,1,-1.48158e+125,-1.48158e+121,-1.48158e+121,-1.24231e+122,1.09415e+122
0.000908,1,-2.39272e+124,-2.39272e+120,-2.39272e+120,-2.59966e+122,2.57574e+122
0.000909,1,2.36039e+125,2.36039e+121,2.36039e+121,-2.57897e+122,2.81501e+122
0.00091,1,4.93936e+125,4.93936e+121,4.93936e+121,3.93198e+120,4.54616e+121
0.000911,1,4.90004e+125,4.90004e+121,4.90004e+121,4.97475e+122,-4.48474e+122
0.000912,1,-7.47075e+123,-7.47075e+119,-7.47075e+119,9.37732e+122,-9.38479e+122
0.000913,1,-9.45202e+125,-9.45202e+121,-9.45202e+121,8.36488e+122,-9.31008e+122
0.000914,1,-1.78169e+126,-1.78169e+122,-1.78169e+122,-1.92363e+122,1.41944e+121
0.000915,1,-1.58933e+126,-1.58933e+122,-1.58933e+122,-1.95482e+123,1.79588e+123
0.000916,1,3.65491e+125,3.65491e+121,3.65491e+121,-3.34866e+123,3.38521e+123
0.000917,1,3.71415e+126,3.71415e+122,3.71415e+122,-2.64831e+123,3.01972e+123
0.000918,1,6.36246e+126,6.36246e+122,6.36246e+122,1.33068e+123,-6.94432e+122
0.000919,1,5.03178e+126,5.03178e+122,5.03178e+122,7.56007e+123,-7.05689e+123
0.00092,1,-2.52829e+126,-2.52829e+122,-2.52829e+122,1.18358e+124,-1.20887e+124
0.000921,1,-1.43641e+127,-1.43641e+123,-1.43641e+123,8.12397e+123,-9.56038e+123
0.000922,1,-2.24881e+127,-2.24881e+123,-2.24881e+123,-7.05256e+123,4.80375e+123
0.000923,1,-1.54355e+127,-1.54355e+123,-1.54355e+123,-2.88354e+124,2.72918e+124
0.000924,1,1.33999e+127,1.33999e+123,1.33999e+123,-4.13874e+124,4.27274e+124
0.000925,1,5.47873e+127,5.47873e+123,5.47873e+123,-2.38488e+124,2.93275e+124
0.000926,1,7.86361e+127,7.86361e+123,7.86361e+123,3.33233e+124,-2.54597e+124
0.000927,1,4.53127e+127,4.53127e+123,4.53127e+123,1.08627e+125,-1.04096e+125
0.000928,1,-6.33143e+127,-6.33143e+123,-6.33143e+123,1.43077e+125,-1.49409e+125
0.000929,1,-2.06391e+128,-2.06391e+124,-2.06391e+124,6.5455e+124,-8.60942e+124
0.00093,1,-2.71846e+128,-2.71846e+124,-2.71846e+124,-1.47482e+125,1.20297e+125
0.000931,1,-1.24365e+128,-1.24365e+124,-1.24365e+124,-4.0458e+125,3.92144e+125
0.000932,1,2.80216e+128,2.80216e+124,2.80216e+124,-4.88487e+125,5.16508e+125
0.000933,1,7.68702e+128,7.68702e+124,7.68702e+124,-1.59422e+125,2.36293e+125
0.000934,1,9.28125e+128,9.28125e+124,9.28125e+124,6.25222e+125,-5.3241e+125
0.000935,1,3.02903e+128,3.02903e+124,3.02903e+124,1.49082e+126,-1.46053e+126
0.000936,1,-1.18792e+129,-1.18792e+125,-1.18792e+125,1.64464e+126,-1.76344e+126
0.000937,1,-2.83257e+129,-2.83257e+125,-2.83257e+125,2.92258e+125,-5.75515e+125
0.000938,1,-3.12483e+129,-3.12483e+125,-3.12483e+125,-2.56953e+126,2.25705e+126
0.000939,1,-5.55291e+128,-5.55291e+124,-5.55291e+124,-5.43741e+126,5.38188e+126
0.00094,1,4.88211e+129,4.88211e+125,4.88211e+125,-5.44896e+126,5.93717e+126
0.000941,1,1.03311e+130,1.03311e+126,1.03311e+126,-2.19456e+124,1.05505e+126
0.000942,1,1.0353e+130,1.0353e+126,1.0353e+126,1.03113e+127,-9.27602e+126
0.000943,1,4.16966e+127,4.16966e+123,4.16966e+123,1.96332e+127,-1.9629e+127
0.000944,1,-1.95915e+130,-1.95915e+126,-1.95915e+126,1.77116e+127,-1.96707e+127
0.000945,1,-3.73031e+130,-3.73031e+126,-3.73031e+126,-3.65109e+126,-7.92236e+124
0.000946,1,-3.3652e+130,-3.3652e+126,-3.3652e+126,-4.05891e+127,3.72239e+127
0.000947,1,6.93706e+129,6.93706e+125,6.93706e+125,-7.01822e+127,7.08759e+127
0.000948,1,7.71192e+130,7.71192e+126,7.71192e+126,-5.62269e+127,6.39388e+127
0.000949,1,1.33346e+131,1.33346e+127,1.33346e+127,2.6515e+127,-1.31804e+127
0.00095,1,1.06831e+131,1.06831e+127,1.06831e+127,1.5721e+128,-1.46527e+128
0.000951,1,-5.03786e+130,-5.03786e+126,-5.03786e+126,2.4832e+128,-2.53358e+128
0.000952,1,-2.98698e+131,-2.98698e+127,-2.98698e+127,1.73109e+128,-2.02979e+128
0.000953,1,-4.71808e+131,-4.71808e+127,-4.71808e+127,-1.429e+128,9.57193e+127
0.000954,1,-3.28908e+131,-3.28908e+127,-3.28908e+127,-6.00418e+128,5.67527e+128
0.000955,1,2.7151e+131,2.7151e+127,2.7151e+127,-8.69283e+128,8.96434e+128
0.000956,1,1.14079e+132,1.14079e+128,1.14079e+128,-5.10845e+128,6.24924e+128
0.000957,1,1.65164e+132,1.65164e+128,1.65164e+128,6.81033e+128,-5.15869e+128
0.000958,1,9.70605e+131,9.70605e+127,9.70605e+127,2.26457e+129,-2.16751e+129
0.000959,1,-1.29396e+132,-1.29396e+128,-1.29396e+128,3.00872e+129,-3.13811e+129
0.00096,1,-4.30268e+132,-4.30268e+128,-4.30268e+128,1.41388e+129,-1.84415e+129
0.000961,1,-5.71656e+132,-5.71656e+128,-5.71656e+128,-3.03018e+129,2.45853e+129
0.000962,1,-2.68638e+132,-2.68638e+128,-2.68638e+128,-8.44373e+129,8.17509e+129
0.000963,1,5.75735e+132,5.75735e+128,5.75735e+128,-1.02857e+130,1.08615e+130
0.000964,1,1.60431e+133,1.60431e+129,1.60431e+129,-3.49981e+129,5.10412e+129
0.000965,1,1.95429e+133,1.95429e+129,1.95429e+129,1.28933e+130,-1.0939e+130
0.000966,1,6.64963e+132,6.64963e+128,6.64963e+128,3.11468e+130,-3.04819e+130
0.000967,1,-2.44972e+133,-2.44972e+129,-2.44972e+129,3.46818e+130,-3.71315e+130
0.000968,1,-5.9179e+133,-5.9179e+129,-5.9179e+129,6.71641e+129,-1.26343e+130
0.000969,1,-6.58954e+133,-6.58954e+129,-6.58954e+129,-5.31342e+130,4.65447e+130
0.00097,1,-1.27612e+133,-1.27612e+129,-1.27612e+129,-1.13716e+131,1.1244e+131
0.000971,1,1.00955e+134,1.00955e+130,1.00955e+130,-1.15106e+131,1.25201e+131
0.000972,1,2.16061e+134,2.16061e+130,2.16061e+130,-2.64017e+129,2.42462e+130
0.000973,1,2.18701e+134,2.18701e+130,2.18701e+130,2.13685e+131,-1.91814e+131
0.000974,1,5.01632e+132,5.01632e+128,5.01632e+128,4.11017e+131,-4.10515e+131
0.000975,1,-4.06001e+134,-4.06001e+130,-4.06001e+130,3.74932e+131,-4.15532e+131
0.000976,1,-7.80932e+134,-7.80932e+130,-7.80932e+130,-6.85622e+130,-9.53101e+129
0.000977,1,-7.1237e+134,-7.1237e+130,-7.1237e+130,-8.42638e+131,7.71401e+131
0.000978,1,1.30268e+134,1.30268e+130,1.30268e+130,-1.47074e+132,1.48377e+132
0.000979,1,1.60101e+135,1.60101e+131,1.60101e+131,-1.1934e+132,1.3535e+132
0.00098,1,2.79441e+135,2.79441e+131,2.79441e+131,5.26951e+131,-2.4751e+131
0.000981,1,2.26746e+135,2.26746e+131,2.26746e+131,3.26867e+132,-3.04192e+132
0.000982,1,-1.00121e+135,-1.00121e+131,-1.00121e+131,5.20927e+132,-5.30939e+132
0.000983,1,-6.21047e+135,-6.21047e+131,-6.21047e+131,3.68713e+132,-4.30818e+132
0.000984,1,-9.8976e+135,-9.8976e+131,-9.8976e+131,-2.89205e+132,1.90229e+132
0.000985,1,-7.00555e+135,-7.00555e+131,-7.00555e+131,-1.25005e+133,1.17999e+133
0.000986,1,5.4949e+135,5.4949e+131,5.4949e+131,-1.8256e+133,1.88054e+133
0.000987,1,2.37509e+136,2.37509e+132,2.37509e+132,-1.09355e+133,1.33105e+133
0.000988,1,3.46863e+136,3.46863e+132,3.46863e+132,1.39089e+133,-1.04403e+133
0.000989,1,2.07774e+136,2.07774e+132,2.07774e+132,4.72044e+133,-4.51266e+133
0.00099,1,-2.6427e+136,-2.6427e+132,-2.6427e+132,6.32613e+133,-6.5904e+133
0.000991,1,-8.96883e+136,-8.96883e+132,-8.96883e+132,3.05082e+133,-3.9477e+133
0.000992,1,-1.20196e+137,-1.20196e+133,-1.20196e+133,-6.22309e+133,5.02113e+133
0.000993,1,-5.79656e+136,-5.79656e+132,-5.79656e+132,-1.76204e+134,1.70408e+134
0.000994,1,1.18239e+137,1.18239e+133,1.18239e+133,-2.16549e+134,2.28373e+134
0.000995,1,3.34788e+137,3.34788e+133,3.34788e+133,-7.66557e+133,1.10135e+134
0.000996,1,4.11444e+137,4.11444e+133,4.11444e+133,2.65798e+134,-2.24654e+134
0.000997,1,1.45646e+137,1.45646e+133,1.45646e+133,6.50662e+134,-6.36098e+134
0.000998,1,-5.05016e+137,-5.05016e+133,-5.05016e+133,7.31242e+134,-7.81744e+134
0.000999,1,-1.23626e+138,-1.23626e+134,-1.23626e+134,1.53101e+134,-2.76727e+134
0.001,1,-1.38936e+138,-1.38936e+134,-1.38936e+134,-1.09847e+135,9.59531e+134
